0 0.3026 0.2616 0.2939 0.2497 0.2888 0.2358 0.2875 0.2209 0.2901 0.2059 0.2965 0.1919 0.3062 0.1798 0.3186 0.1706 0.3328 0.1646 0.3479 0.1625 0.3628 0.1644 0.3765 0.17 0.388 0.1791 0.3967 0.1909 0.4018 0.2048 0.4031 0.2198 0.4005 0.2347 0.3941 0.2487 0.3844 0.2608 0.372 0.2701 0.3578 0.276 0.3427 0.2781 0.3279 0.2763 0.3142 0.2706
0 0.3715 0.5462 0.3633 0.5517 0.354 0.5549 0.3441 0.5555 0.3342 0.5534 0.3252 0.5489 0.3174 0.5423 0.3116 0.5339 0.3081 0.5244 0.3071 0.5144 0.3087 0.5046 0.3129 0.4956 0.3192 0.4882 0.3273 0.4827 0.3366 0.4795 0.3465 0.4789 0.3564 0.4809 0.3655 0.4854 0.3732 0.4921 0.379 0.5005 0.3825 0.51 0.3835 0.52 0.3819 0.5298 0.3778 0.5387
0 0.7049 0.5083 0.6949 0.5247 0.6813 0.538 0.6649 0.5473 0.6469 0.5521 0.6284 0.5519 0.6108 0.5468 0.5951 0.5371 0.5826 0.5235 0.5741 0.5069 0.5701 0.4885 0.5708 0.4694 0.5764 0.4511 0.5863 0.4347 0.5999 0.4214 0.6163 0.412 0.6344 0.4073 0.6529 0.4075 0.6705 0.4126 0.6861 0.4223 0.6986 0.4359 0.7072 0.4525 0.7112 0.4709 0.7104 0.4899
0 0.2568 0.5721 0.2436 0.5785 0.2288 0.5809 0.2136 0.5792 0.199 0.5735 0.1859 0.5641 0.1752 0.5518 0.1678 0.5373 0.164 0.5216 0.1642 0.5059 0.1683 0.4912 0.176 0.4784 0.1869 0.4685 0.2002 0.4621 0.2149 0.4597 0.2301 0.4614 0.2448 0.4672 0.2579 0.4765 0.2685 0.4889 0.276 0.5033 0.2797 0.519 0.2796 0.5347 0.2755 0.5495 0.2677 0.5622
0 0.5046 0.6452 0.4928 0.6445 0.4816 0.6409 0.4718 0.6347 0.4639 0.6261 0.4587 0.6159 0.4564 0.6047 0.4571 0.5933 0.4609 0.5825 0.4674 0.5729 0.4763 0.5653 0.4869 0.5602 0.4985 0.5579 0.5103 0.5586 0.5215 0.5622 0.5314 0.5685 0.5392 0.577 0.5444 0.5872 0.5468 0.5984 0.546 0.6098 0.5422 0.6206 0.5357 0.6302 0.5268 0.6378 0.5162 0.6429
0 0.3668 0.6121 0.3626 0.6209 0.3561 0.6283 0.3478 0.6338 0.3382 0.6369 0.3281 0.6376 0.3181 0.6357 0.3089 0.6313 0.3011 0.6249 0.2952 0.6167 0.2917 0.6074 0.2908 0.5976 0.2925 0.5879 0.2968 0.5791 0.3033 0.5717 0.3116 0.5662 0.3211 0.5631 0.3313 0.5624 0.3413 0.5643 0.3505 0.5687 0.3583 0.5751 0.3642 0.5833 0.3677 0.5926 0.3686 0.6024
0 0.4908 0.3163 0.4748 0.3114 0.4606 0.3022 0.4492 0.2894 0.4414 0.2737 0.4377 0.2563 0.4383 0.2384 0.4432 0.2212 0.4521 0.2058 0.4644 0.1933 0.4792 0.1846 0.4956 0.1803 0.5123 0.1805 0.5283 0.1854 0.5425 0.1946 0.5539 0.2075 0.5617 0.2232 0.5655 0.2405 0.5648 0.2585 0.5599 0.2757 0.551 0.2911 0.5387 0.3035 0.5239 0.3123 0.5076 0.3166
0 0.5241 0.1405 0.5163 0.1442 0.5077 0.1455 0.4987 0.1443 0.4901 0.1408 0.4823 0.1351 0.4759 0.1277 0.4714 0.1191 0.4691 0.1097 0.4691 0.1004 0.4714 0.0916 0.4758 0.0841 0.4822 0.0783 0.4899 0.0746 0.4986 0.0733 0.5075 0.0744 0.5162 0.0779 0.524 0.0836 0.5303 0.091 0.5348 0.0997 0.5372 0.109 0.5372 0.1184 0.5349 0.1271 0.5304 0.1347
0 0.0653 0.7365 0.0516 0.7302 0.04 0.721 0.0311 0.7095 0.0257 0.6965 0.024 0.6829 0.0263 0.6696 0.0323 0.6576 0.0416 0.6475 0.0536 0.6402 0.0676 0.6361 0.0824 0.6355 0.0972 0.6385 0.1109 0.6448 0.1225 0.654 0.1314 0.6655 0.1368 0.6785 0.1385 0.6921 0.1362 0.7054 0.1302 0.7174 0.1209 0.7275 0.1089 0.7348 0.0949 0.7389 0.0801 0.7395
0 0.1889 0.3172 0.1799 0.3161 0.1715 0.3125 0.1642 0.3066 0.1584 0.2987 0.1547 0.2894 0.1531 0.2793 0.154 0.2692 0.1571 0.2596 0.1622 0.2514 0.1691 0.2449 0.1773 0.2407 0.1861 0.2391 0.1951 0.2401 0.2035 0.2437 0.2108 0.2497 0.2166 0.2576 0.2203 0.2669 0.2219 0.2769 0.221 0.2871 0.2179 0.2966 0.2128 0.3049 0.2059 0.3113 0.1977 0.3155
0 0.2919 0.3991 0.2876 0.4083 0.2811 0.4161 0.2729 0.422 0.2636 0.4255 0.2538 0.4264 0.2442 0.4247 0.2354 0.4204 0.228 0.4139 0.2225 0.4056 0.2193 0.396 0.2187 0.3859 0.2206 0.3759 0.2249 0.3667 0.2314 0.3589 0.2396 0.353 0.2489 0.3495 0.2587 0.3486 0.2683 0.3503 0.2771 0.3546 0.2845 0.3611 0.29 0.3694 0.2932 0.379 0.2938 0.3891
