0 0.0418 0.7274 0.0304 0.7164 0.0221 0.7029 0.0175 0.688 0.017 0.6726 0.0205 0.6578 0.0279 0.6446 0.0386 0.6339 0.0518 0.6264 0.0668 0.6227 0.0824 0.6229 0.0976 0.6272 0.1114 0.6351 0.1228 0.6461 0.131 0.6596 0.1356 0.6745 0.1361 0.6899 0.1326 0.7047 0.1252 0.7179 0.1146 0.7286 0.1013 0.7361 0.0864 0.7398 0.0708 0.7396 0.0556 0.7353
0 0.5849 0.4751 0.5703 0.4804 0.555 0.4819 0.54 0.4795 0.5263 0.4734 0.5149 0.464 0.5065 0.452 0.5017 0.4381 0.5008 0.4233 0.5039 0.4086 0.5108 0.3951 0.521 0.3836 0.5338 0.3749 0.5484 0.3696 0.5637 0.3681 0.5787 0.3705 0.5924 0.3766 0.6039 0.386 0.6123 0.398 0.6171 0.4119 0.618 0.4267 0.6148 0.4414 0.6079 0.4549 0.5977 0.4664
0 0.8714 0.684 0.8568 0.6705 0.8458 0.6543 0.8392 0.6363 0.8375 0.6179 0.8409 0.6003 0.849 0.5847 0.8613 0.5722 0.877 0.5635 0.8951 0.5594 0.9142 0.5601 0.9331 0.5655 0.9504 0.5753 0.9651 0.5888 0.9761 0.6051 0.9827 0.6231 0.9843 0.6415 0.981 0.6591 0.9729 0.6747 0.9605 0.6872 0.9448 0.6958 0.9268 0.6999 0.9077 0.6993 0.8888 0.6938
0 0.9289 0.1727 0.917 0.1768 0.9043 0.1777 0.8918 0.1752 0.8802 0.1694 0.8704 0.1609 0.8631 0.1501 0.8587 0.1378 0.8575 0.1249 0.8597 0.1122 0.865 0.1005 0.8732 0.0908 0.8836 0.0836 0.8955 0.0794 0.9082 0.0785 0.9207 0.0811 0.9323 0.0868 0.9421 0.0954 0.9494 0.1061 0.9538 0.1184 0.955 0.1314 0.9528 0.1441 0.9475 0.1557 0.9393 0.1655
0 0.8995 0.9557 0.8903 0.9513 0.8826 0.9443 0.877 0.9355 0.8738 0.9252 0.8732 0.9143 0.8753 0.9036 0.88 0.8936 0.8868 0.8851 0.8954 0.8787 0.9052 0.8748 0.9155 0.8737 0.9255 0.8755 0.9347 0.88 0.9424 0.8869 0.948 0.8958 0.9512 0.906 0.9518 0.9169 0.9497 0.9277 0.945 0.9377 0.9382 0.9461 0.9296 0.9525 0.9198 0.9564 0.9095 0.9575
0 0.3161 0.9224 0.3106 0.9301 0.3032 0.9361 0.2943 0.9399 0.2845 0.9413 0.2745 0.9402 0.2649 0.9367 0.2565 0.931 0.2497 0.9236 0.2451 0.9148 0.243 0.9053 0.2434 0.8958 0.2464 0.887 0.2519 0.8793 0.2593 0.8733 0.2682 0.8695 0.278 0.8681 0.288 0.8692 0.2976 0.8727 0.306 0.8783 0.3128 0.8858 0.3174 0.8946 0.3195 0.904 0.3191 0.9135
0 0.3288 0.4239 0.3193 0.4203 0.311 0.4145 0.3046 0.407 0.3003 0.3983 0.2986 0.389 0.2996 0.3796 0.3031 0.3709 0.309 0.3634 0.3168 0.3577 0.3261 0.3541 0.3361 0.3529 0.3462 0.3542 0.3557 0.3578 0.364 0.3636 0.3704 0.3711 0.3747 0.3798 0.3764 0.3892 0.3754 0.3985 0.3719 0.4072 0.366 0.4147 0.3582 0.4204 0.3489 0.424 0.3389 0.4252
0 0.7241 0.5708 0.7139 0.5587 0.707 0.5445 0.7039 0.5294 0.7047 0.5143 0.7095 0.5002 0.7179 0.4881 0.7294 0.4789 0.7431 0.4731 0.7581 0.4712 0.7734 0.4733 0.788 0.4792 0.8009 0.4885 0.8111 0.5007 0.818 0.5148 0.8211 0.53 0.8203 0.5451 0.8155 0.5592 0.8071 0.5712 0.7956 0.5805 0.7819 0.5862 0.7669 0.5882 0.7516 0.5861 0.737 0.5802
0 0.4266 0.1309 0.4208 0.1466 0.4114 0.1603 0.399 0.171 0.3844 0.1781 0.3686 0.181 0.3528 0.1796 0.3379 0.1739 0.325 0.1644 0.315 0.1516 0.3086 0.1365 0.3061 0.1201 0.3078 0.1035 0.3136 0.0878 0.323 0.0741 0.3354 0.0634 0.35 0.0563 0.3657 0.0533 0.3816 0.0548 0.3965 0.0604 0.4094 0.07 0.4194 0.0827 0.4258 0.0978 0.4283 0.1143
0 0.2994 0.4157 0.2879 0.4097 0.2782 0.4011 0.2711 0.3907 0.2671 0.3791 0.2663 0.3671 0.2689 0.3555 0.2747 0.3452 0.2833 0.3368 0.2941 0.3309 0.3063 0.3278 0.3192 0.3279 0.3319 0.3311 0.3434 0.3372 0.353 0.3458 0.3601 0.3562 0.3642 0.3678 0.3649 0.3798 0.3623 0.3914 0.3565 0.4017 0.3479 0.4101 0.3371 0.416 0.3249 0.419 0.312 0.4189
0 0.4054 0.1421 0.4052 0.1278 0.409 0.1138 0.4165 0.1012 0.4273 0.0907 0.4406 0.083 0.4555 0.0788 0.471 0.0782 0.486 0.0814 0.4995 0.0881 0.5106 0.0978 0.5185 0.1099 0.5227 0.1235 0.5229 0.1378 0.5191 0.1518 0.5116 0.1644 0.5008 0.1749 0.4875 0.1826 0.4726 0.1868 0.4571 0.1874 0.4421 0.1842 0.4286 0.1776 0.4176 0.1679 0.4096 0.1558
0 0.8445 0.5283 0.8322 0.5337 0.8188 0.5355 0.8053 0.5338 0.7926 0.5286 0.7816 0.5203 0.773 0.5094 0.7674 0.4967 0.7652 0.483 0.7666 0.4694 0.7714 0.4567 0.7793 0.4457 0.7898 0.4373 0.8022 0.432 0.8156 0.4301 0.8291 0.4318 0.8418 0.437 0.8528 0.4454 0.8614 0.4563 0.867 0.4689 0.8691 0.4826 0.8678 0.4962 0.863 0.509 0.8551 0.5199
0 0.6436 0.5454 0.6347 0.5465 0.6256 0.5451 0.6171 0.5411 0.6096 0.5348 0.6037 0.5267 0.5998 0.5173 0.5981 0.5072 0.5988 0.4972 0.6018 0.488 0.607 0.48 0.6139 0.474 0.622 0.4703 0.631 0.4691 0.64 0.4706 0.6486 0.4746 0.656 0.4808 0.6619 0.4889 0.6659 0.4983 0.6675 0.5084 0.6668 0.5184 0.6638 0.5277 0.6587 0.5356 0.6518 0.5416
0 0.1879 0.7718 0.1817 0.7593 0.1795 0.7452 0.1813 0.7305 0.1871 0.7162 0.1964 0.7032 0.2086 0.6924 0.2229 0.6846 0.2383 0.6803 0.2537 0.6798 0.2682 0.6831 0.2806 0.69 0.2903 0.7001 0.2964 0.7126 0.2986 0.7267 0.2968 0.7414 0.291 0.7557 0.2817 0.7687 0.2695 0.7795 0.2552 0.7873 0.2399 0.7915 0.2244 0.7921 0.21 0.7887 0.1975 0.7818
0 0.629 0.9222 0.6255 0.9327 0.6191 0.9419 0.6103 0.9492 0.5995 0.9541 0.5877 0.9563 0.5755 0.9556 0.5638 0.9521 0.5534 0.946 0.545 0.9377 0.5392 0.9278 0.5363 0.917 0.5366 0.9059 0.5401 0.8954 0.5465 0.8862 0.5554 0.8789 0.5661 0.874 0.5779 0.8718 0.5901 0.8725 0.6018 0.876 0.6122 0.8822 0.6206 0.8904 0.6265 0.9003 0.6293 0.9112
0 0.7976 0.8939 0.7822 0.8884 0.7688 0.879 0.7583 0.8664 0.7513 0.8513 0.7484 0.8349 0.7498 0.8183 0.7553 0.8025 0.7647 0.7887 0.7771 0.7778 0.7919 0.7705 0.808 0.7674 0.8243 0.7686 0.8396 0.7741 0.853 0.7835 0.8636 0.7961 0.8705 0.8112 0.8734 0.8276 0.8721 0.8442 0.8665 0.86 0.8572 0.8738 0.8447 0.8847 0.83 0.892 0.8139 0.8951
0 0.8142 0.8468 0.815 0.837 0.8187 0.8277 0.8251 0.8195 0.8337 0.8129 0.844 0.8084 0.8552 0.8063 0.8666 0.8068 0.8774 0.8098 0.8868 0.8151 0.8943 0.8224 0.8993 0.8311 0.9015 0.8407 0.9006 0.8505 0.8969 0.8598 0.8905 0.868 0.8819 0.8746 0.8716 0.8791 0.8604 0.8812 0.849 0.8807 0.8383 0.8777 0.8288 0.8724 0.8213 0.8651 0.8163 0.8564
