0 0.4613 0.5253 0.4575 0.5103 0.4573 0.495 0.4608 0.4805 0.4677 0.4678 0.4775 0.4576 0.4897 0.4508 0.5032 0.4478 0.5173 0.4487 0.531 0.4536 0.5433 0.462 0.5533 0.4735 0.5605 0.4872 0.5644 0.5022 0.5645 0.5175 0.5611 0.532 0.5542 0.5447 0.5443 0.5549 0.5322 0.5617 0.5187 0.5647 0.5046 0.5638 0.4909 0.5589 0.4786 0.5505 0.4685 0.539
0 0.6298 0.8768 0.62 0.8687 0.6128 0.8583 0.6085 0.8462 0.6074 0.8333 0.6097 0.8206 0.6152 0.8087 0.6234 0.7986 0.6339 0.7909 0.6459 0.7862 0.6587 0.7848 0.6712 0.7868 0.6827 0.792 0.6925 0.8001 0.6997 0.8105 0.704 0.8225 0.7051 0.8354 0.7028 0.8482 0.6973 0.86 0.6891 0.8701 0.6786 0.8778 0.6666 0.8825 0.6538 0.8839 0.6413 0.882
0 0.777 0.4948 0.768 0.4872 0.7611 0.4777 0.7569 0.4669 0.7556 0.4557 0.7573 0.4447 0.762 0.4347 0.7692 0.4264 0.7786 0.4203 0.7894 0.4169 0.8009 0.4164 0.8124 0.4188 0.823 0.424 0.832 0.4316 0.8389 0.4411 0.8431 0.4518 0.8444 0.4631 0.8427 0.4741 0.838 0.4841 0.8308 0.4924 0.8214 0.4984 0.8106 0.5018 0.7991 0.5024 0.7876 0.4999
0 0.786 0.2252 0.7826 0.2117 0.7826 0.198 0.7858 0.185 0.7922 0.1735 0.8012 0.1644 0.8122 0.1582 0.8246 0.1554 0.8374 0.1562 0.8498 0.1605 0.8609 0.168 0.87 0.1782 0.8765 0.1905 0.8799 0.2039 0.8799 0.2176 0.8767 0.2306 0.8703 0.2421 0.8613 0.2512 0.8503 0.2574 0.8379 0.2602 0.8251 0.2594 0.8127 0.2552 0.8016 0.2476 0.7925 0.2374
0 0.186 0.8314 0.1729 0.8248 0.1619 0.8154 0.1537 0.804 0.1488 0.7912 0.1476 0.778 0.1503 0.7651 0.1565 0.7536 0.1659 0.7442 0.1778 0.7375 0.1915 0.7341 0.206 0.734 0.2202 0.7374 0.2333 0.744 0.2444 0.7533 0.2526 0.7648 0.2575 0.7775 0.2586 0.7908 0.256 0.8036 0.2498 0.8151 0.2404 0.8245 0.2284 0.8312 0.2147 0.8347 0.2003 0.8347
0 0.1938 0.5114 0.1945 0.5 0.1979 0.4893 0.2036 0.4799 0.2113 0.4726 0.2205 0.4677 0.2305 0.4657 0.2407 0.4666 0.2503 0.4705 0.2588 0.477 0.2655 0.4858 0.2699 0.4961 0.2718 0.5073 0.2711 0.5187 0.2677 0.5294 0.262 0.5388 0.2543 0.5462 0.2451 0.551 0.2351 0.5531 0.2249 0.5521 0.2153 0.5482 0.2068 0.5417 0.2002 0.533 0.1957 0.5227
0 0.9101 0.6302 0.9028 0.6384 0.8937 0.6445 0.8836 0.6481 0.8732 0.6489 0.863 0.647 0.8539 0.6424 0.8465 0.6354 0.8412 0.6265 0.8384 0.6164 0.8383 0.6057 0.841 0.5951 0.8461 0.5854 0.8535 0.5772 0.8625 0.5711 0.8726 0.5675 0.8831 0.5667 0.8932 0.5686 0.9023 0.5733 0.9098 0.5802 0.9151 0.5891 0.9179 0.5992 0.9179 0.6099 0.9153 0.6205
0 0.2823 0.2164 0.2692 0.2232 0.2549 0.2263 0.2402 0.2257 0.2262 0.2213 0.2138 0.2134 0.2039 0.2026 0.1971 0.1896 0.194 0.1752 0.1946 0.1605 0.199 0.1465 0.2069 0.1342 0.2177 0.1242 0.2308 0.1175 0.2451 0.1143 0.2598 0.1149 0.2738 0.1193 0.2862 0.1272 0.2961 0.138 0.3029 0.1511 0.306 0.1654 0.3054 0.1801 0.301 0.1941 0.2931 0.2065
0 0.3504 0.6438 0.3461 0.6311 0.3451 0.6177 0.3476 0.6046 0.3533 0.5927 0.3618 0.5828 0.3727 0.5755 0.3851 0.5714 0.3982 0.5708 0.4111 0.5736 0.4229 0.5797 0.4329 0.5887 0.4403 0.6 0.4446 0.6127 0.4455 0.6261 0.4431 0.6391 0.4374 0.6511 0.4288 0.661 0.4179 0.6682 0.4055 0.6723 0.3924 0.673 0.3795 0.6701 0.3677 0.664 0.3578 0.655
0 0.6539 0.3605 0.6479 0.3707 0.6389 0.3789 0.6275 0.3844 0.6146 0.387 0.601 0.3864 0.5877 0.3826 0.5755 0.3761 0.5654 0.3671 0.5579 0.3563 0.5535 0.3444 0.5527 0.3323 0.5554 0.3207 0.5615 0.3105 0.5705 0.3024 0.5819 0.2968 0.5948 0.2943 0.6083 0.2949 0.6217 0.2986 0.6338 0.3052 0.644 0.3142 0.6515 0.325 0.6558 0.3369 0.6567 0.349
0 0.7748 0.118 0.7668 0.1198 0.7586 0.1193 0.7506 0.1165 0.7434 0.1117 0.7375 0.1051 0.7333 0.0971 0.7311 0.0884 0.7311 0.0796 0.7332 0.0712 0.7372 0.0637 0.743 0.0578 0.7502 0.0538 0.7582 0.052 0.7664 0.0525 0.7744 0.0553 0.7816 0.0602 0.7875 0.0668 0.7917 0.0747 0.7939 0.0834 0.7939 0.0923 0.7918 0.1007 0.7878 0.1081 0.782 0.114
0 0.293 0.5907 0.2869 0.5796 0.2837 0.5675 0.2836 0.5552 0.2867 0.5434 0.2927 0.5331 0.3012 0.5249 0.3117 0.5193 0.3234 0.5168 0.3355 0.5175 0.3472 0.5214 0.3577 0.5282 0.3663 0.5374 0.3725 0.5485 0.3757 0.5606 0.3757 0.5729 0.3727 0.5847 0.3667 0.595 0.3582 0.6032 0.3477 0.6088 0.336 0.6113 0.3239 0.6106 0.3122 0.6067 0.3016 0.5999
0 0.4694 0.3489 0.4511 0.353 0.4324 0.3523 0.4146 0.3469 0.3988 0.3371 0.3863 0.3237 0.3778 0.3074 0.3738 0.2895 0.3748 0.2711 0.3805 0.2535 0.3907 0.2379 0.4046 0.2254 0.4213 0.2167 0.4396 0.2126 0.4583 0.2133 0.4761 0.2187 0.4918 0.2285 0.5043 0.242 0.5129 0.2582 0.5168 0.2762 0.5158 0.2946 0.5101 0.3121 0.4999 0.3277 0.486 0.3403
0 0.6277 0.6729 0.6124 0.6829 0.5954 0.6891 0.5778 0.6908 0.5609 0.6881 0.5459 0.681 0.5336 0.6702 0.5251 0.6563 0.5208 0.6402 0.521 0.6231 0.5258 0.6061 0.5348 0.5905 0.5473 0.5771 0.5626 0.5671 0.5796 0.5609 0.5972 0.5592 0.6141 0.5619 0.6291 0.569 0.6414 0.5798 0.6499 0.5937 0.6542 0.6098 0.654 0.6269 0.6492 0.6439 0.6402 0.6595
0 0.2104 0.5437 0.2043 0.536 0.2005 0.5269 0.1992 0.5171 0.2006 0.5071 0.2044 0.4977 0.2105 0.4896 0.2185 0.4832 0.2277 0.479 0.2376 0.4773 0.2475 0.4783 0.2567 0.4817 0.2646 0.4875 0.2707 0.4952 0.2745 0.5043 0.2758 0.5142 0.2744 0.5241 0.2706 0.5335 0.2645 0.5417 0.2565 0.5481 0.2473 0.5522 0.2374 0.5539 0.2275 0.553 0.2183 0.5495
0 0.5074 0.9657 0.5003 0.9589 0.4954 0.9503 0.4929 0.9405 0.493 0.9302 0.4958 0.92 0.5009 0.9108 0.5081 0.903 0.5169 0.8973 0.5267 0.894 0.5368 0.8933 0.5465 0.8954 0.5551 0.8999 0.5622 0.9068 0.5671 0.9154 0.5696 0.9252 0.5695 0.9355 0.5667 0.9456 0.5616 0.9549 0.5544 0.9626 0.5456 0.9683 0.5358 0.9716 0.5257 0.9723 0.516 0.9703
