0 0.6482 0.8403 0.6347 0.8367 0.6226 0.8292 0.6127 0.8182 0.6057 0.8044 0.602 0.7888 0.6019 0.7726 0.6053 0.7567 0.6122 0.7422 0.6219 0.7302 0.6339 0.7215 0.6473 0.7166 0.6612 0.716 0.6747 0.7195 0.6868 0.7271 0.6967 0.7381 0.7037 0.7519 0.7074 0.7674 0.7075 0.7837 0.704 0.7996 0.6972 0.814 0.6874 0.826 0.6754 0.8347 0.6621 0.8396
0 0.4468 0.5111 0.436 0.5032 0.4274 0.4929 0.4218 0.481 0.4195 0.4683 0.4207 0.4556 0.4252 0.4438 0.4328 0.4336 0.443 0.4259 0.455 0.4211 0.4681 0.4196 0.4813 0.4214 0.4938 0.4264 0.5047 0.4343 0.5132 0.4446 0.5188 0.4565 0.5211 0.4692 0.52 0.4819 0.5154 0.4937 0.5078 0.5039 0.4976 0.5116 0.4856 0.5164 0.4725 0.5179 0.4593 0.5161
0 0.1047 0.6766 0.1066 0.6636 0.112 0.6516 0.1207 0.6412 0.132 0.6333 0.1452 0.6283 0.1594 0.6266 0.1735 0.6283 0.1867 0.6333 0.198 0.6412 0.2067 0.6516 0.2122 0.6636 0.2141 0.6766 0.2122 0.6895 0.2067 0.7016 0.198 0.7119 0.1867 0.7199 0.1735 0.7249 0.1594 0.7266 0.1452 0.7249 0.132 0.7199 0.1207 0.7119 0.112 0.7016 0.1066 0.6895
0 0.8057 0.9086 0.7985 0.9019 0.7934 0.8935 0.7906 0.884 0.7903 0.8739 0.7927 0.8641 0.7974 0.8551 0.8043 0.8475 0.8127 0.8419 0.8222 0.8387 0.8322 0.8381 0.8418 0.8401 0.8505 0.8446 0.8577 0.8512 0.8629 0.8596 0.8657 0.8691 0.8659 0.8792 0.8636 0.8891 0.8588 0.8981 0.852 0.9056 0.8435 0.9112 0.834 0.9144 0.8241 0.915 0.8144 0.913
0 0.3231 0.6524 0.3114 0.6487 0.3011 0.6422 0.2929 0.6331 0.2872 0.6223 0.2846 0.6103 0.2851 0.5981 0.2888 0.5864 0.2953 0.5761 0.3044 0.5679 0.3152 0.5622 0.3272 0.5596 0.3394 0.5601 0.3511 0.5638 0.3614 0.5703 0.3696 0.5794 0.3753 0.5902 0.3779 0.6022 0.3774 0.6144 0.3737 0.6261 0.3672 0.6364 0.3581 0.6446 0.3473 0.6503 0.3353 0.6529
0 0.0741 0.6641 0.0648 0.6629 0.056 0.6593 0.0485 0.6535 0.0426 0.6459 0.0389 0.6369 0.0375 0.6272 0.0386 0.6175 0.042 0.6084 0.0476 0.6005 0.0549 0.5944 0.0635 0.5905 0.0728 0.5891 0.0821 0.5902 0.0908 0.5938 0.0984 0.5996 0.1042 0.6073 0.108 0.6163 0.1094 0.6259 0.1083 0.6357 0.1049 0.6448 0.0993 0.6526 0.092 0.6587 0.0834 0.6626
0 0.4788 0.5142 0.4718 0.5267 0.4618 0.5368 0.4495 0.5441 0.4357 0.5479 0.4215 0.548 0.4076 0.5445 0.3952 0.5374 0.385 0.5274 0.3778 0.5151 0.374 0.5014 0.3738 0.4871 0.3774 0.4733 0.3844 0.4608 0.3945 0.4507 0.4068 0.4434 0.4205 0.4396 0.4348 0.4395 0.4486 0.443 0.461 0.4501 0.4712 0.4601 0.4785 0.4724 0.4823 0.4861 0.4824 0.5004
0 0.5268 0.4947 0.5117 0.4858 0.4994 0.4736 0.4906 0.4591 0.486 0.4432 0.4859 0.4271 0.4902 0.4117 0.4987 0.3983 0.5108 0.3876 0.5257 0.3804 0.5423 0.3772 0.5596 0.3782 0.5763 0.3834 0.5914 0.3924 0.6037 0.4045 0.6125 0.419 0.6171 0.4349 0.6173 0.4511 0.6129 0.4664 0.6044 0.4799 0.5923 0.4906 0.5774 0.4978 0.5608 0.5009 0.5435 0.4999
0 0.7862 0.3339 0.7728 0.3342 0.7598 0.3313 0.7482 0.3254 0.7387 0.3169 0.7321 0.3064 0.7286 0.2947 0.7287 0.2824 0.7322 0.2705 0.739 0.2598 0.7485 0.2509 0.7602 0.2445 0.7732 0.2411 0.7866 0.2408 0.7996 0.2437 0.8112 0.2496 0.8206 0.2581 0.8273 0.2686 0.8307 0.2803 0.8307 0.2926 0.8272 0.3045 0.8204 0.3152 0.8109 0.3241 0.7992 0.3305
0 0.5624 0.7317 0.5559 0.7238 0.5517 0.7145 0.55 0.7045 0.551 0.6943 0.5546 0.6848 0.5605 0.6765 0.5684 0.67 0.5776 0.6658 0.5877 0.6641 0.5978 0.6651 0.6074 0.6686 0.6157 0.6746 0.6222 0.6824 0.6264 0.6917 0.6281 0.7018 0.6271 0.7119 0.6236 0.7215 0.6176 0.7298 0.6098 0.7363 0.6005 0.7405 0.5904 0.7422 0.5803 0.7412 0.5707 0.7376
0 0.1004 0.2485 0.0956 0.2316 0.0952 0.2142 0.0991 0.1974 0.1072 0.1824 0.1188 0.1702 0.1331 0.1616 0.1493 0.1572 0.1661 0.1574 0.1825 0.162 0.1973 0.1708 0.2095 0.1833 0.2183 0.1984 0.2231 0.2153 0.2236 0.2327 0.2196 0.2495 0.2116 0.2645 0.2 0.2767 0.1856 0.2853 0.1695 0.2897 0.1526 0.2895 0.1362 0.2849 0.1214 0.276 0.1092 0.2636
0 0.7353 0.6752 0.7231 0.6706 0.7125 0.6629 0.7042 0.6526 0.6989 0.6404 0.6968 0.6271 0.6982 0.6138 0.7028 0.6011 0.7105 0.5901 0.7206 0.5815 0.7326 0.5759 0.7455 0.5736 0.7585 0.5748 0.7707 0.5794 0.7813 0.5871 0.7895 0.5974 0.7949 0.6096 0.7969 0.6229 0.7956 0.6362 0.7909 0.6489 0.7833 0.6599 0.7731 0.6685 0.7612 0.6741 0.7483 0.6764
0 0.1181 0.2769 0.1163 0.2694 0.1168 0.2615 0.1196 0.2537 0.1244 0.2467 0.131 0.2408 0.1389 0.2365 0.1475 0.2341 0.1563 0.2338 0.1647 0.2355 0.172 0.2391 0.1779 0.2445 0.1819 0.2512 0.1837 0.2587 0.1832 0.2667 0.1804 0.2744 0.1756 0.2815 0.169 0.2873 0.1611 0.2916 0.1525 0.294 0.1437 0.2943 0.1353 0.2926 0.128 0.289 0.1221 0.2836
0 0.3615 0.2888 0.3529 0.2926 0.3437 0.2941 0.3345 0.2933 0.3259 0.2901 0.3186 0.2849 0.3129 0.2779 0.3094 0.2696 0.3082 0.2607 0.3094 0.2516 0.313 0.2431 0.3187 0.2357 0.326 0.2299 0.3346 0.2261 0.3438 0.2246 0.353 0.2255 0.3616 0.2286 0.3689 0.2339 0.3746 0.2409 0.3781 0.2491 0.3793 0.2581 0.3781 0.2671 0.3745 0.2756 0.3688 0.283
0 0.1516 0.6068 0.1466 0.6197 0.1381 0.6309 0.1267 0.6395 0.1131 0.6451 0.0983 0.6471 0.0834 0.6455 0.0692 0.6404 0.0568 0.6321 0.047 0.6212 0.0406 0.6084 0.0378 0.5946 0.039 0.5807 0.044 0.5678 0.0525 0.5566 0.0639 0.548 0.0775 0.5424 0.0923 0.5404 0.1073 0.542 0.1214 0.5471 0.1338 0.5554 0.1436 0.5663 0.1501 0.5791 0.1528 0.5929
