0 0.8412 0.8899 0.826 0.8797 0.8138 0.8663 0.8054 0.8506 0.8015 0.8337 0.8023 0.8168 0.8077 0.8009 0.8173 0.7872 0.8306 0.7766 0.8466 0.7699 0.8642 0.7674 0.8822 0.7694 0.8994 0.7757 0.9146 0.7859 0.9268 0.7993 0.9352 0.815 0.9391 0.8319 0.9384 0.8489 0.933 0.8647 0.9233 0.8784 0.91 0.889 0.894 0.8957 0.8764 0.8982 0.8584 0.8962
0 0.1694 0.4699 0.1639 0.4618 0.1608 0.4525 0.1602 0.4425 0.1622 0.4327 0.1667 0.4236 0.1733 0.4159 0.1817 0.4101 0.1912 0.4065 0.2012 0.4056 0.211 0.4072 0.22 0.4113 0.2275 0.4176 0.233 0.4257 0.2361 0.435 0.2367 0.445 0.2347 0.4548 0.2302 0.4639 0.2235 0.4716 0.2152 0.4774 0.2057 0.481 0.1957 0.4819 0.1858 0.4803 0.1769 0.4762
0 0.5263 0.6584 0.5099 0.6647 0.4923 0.6664 0.4747 0.6634 0.4583 0.6558 0.4442 0.6443 0.4334 0.6294 0.4266 0.6124 0.4243 0.5943 0.4265 0.5764 0.4333 0.5599 0.4441 0.5459 0.4581 0.5354 0.4745 0.529 0.492 0.5273 0.5096 0.5304 0.526 0.5379 0.5401 0.5495 0.551 0.5643 0.5578 0.5813 0.5601 0.5994 0.5578 0.6173 0.5511 0.6338 0.5403 0.6478
0 0.6965 0.349 0.6926 0.3653 0.6844 0.38 0.6727 0.3921 0.6581 0.4008 0.6417 0.4055 0.6246 0.4059 0.6079 0.402 0.5928 0.3939 0.5804 0.3824 0.5714 0.3681 0.5665 0.3521 0.566 0.3353 0.5699 0.3191 0.5781 0.3044 0.5898 0.2923 0.6044 0.2836 0.6208 0.2789 0.6379 0.2785 0.6546 0.2824 0.6697 0.2904 0.6821 0.302 0.6911 0.3163 0.696 0.3323
0 0.2543 0.7914 0.247 0.7742 0.2441 0.7558 0.2459 0.7376 0.2523 0.7207 0.2627 0.7064 0.2766 0.6956 0.2928 0.689 0.3105 0.6871 0.3282 0.69 0.3449 0.6976 0.3594 0.7093 0.3707 0.7242 0.378 0.7415 0.3809 0.7598 0.3791 0.7781 0.3727 0.7949 0.3623 0.8092 0.3484 0.8201 0.3322 0.8266 0.3145 0.8285 0.2968 0.8256 0.2801 0.818 0.2656 0.8064
0 0.9474 0.4882 0.9374 0.4937 0.9265 0.4965 0.9155 0.4966 0.9052 0.494 0.8962 0.4888 0.8892 0.4813 0.8846 0.4722 0.8828 0.462 0.8838 0.4514 0.8877 0.4411 0.8941 0.4318 0.9026 0.4243 0.9126 0.4188 0.9235 0.416 0.9345 0.4159 0.9448 0.4185 0.9538 0.4237 0.9608 0.4312 0.9654 0.4403 0.9672 0.4505 0.9662 0.4611 0.9623 0.4714 0.9559 0.4807
0 0.6007 0.4676 0.5962 0.482 0.5883 0.4947 0.5774 0.505 0.5643 0.512 0.55 0.5153 0.5353 0.5147 0.5213 0.5103 0.5089 0.5022 0.499 0.4912 0.4923 0.4778 0.4892 0.4631 0.4899 0.448 0.4944 0.4336 0.5024 0.4209 0.5132 0.4106 0.5263 0.4036 0.5407 0.4003 0.5554 0.4009 0.5693 0.4053 0.5817 0.4134 0.5916 0.4245 0.5983 0.4378 0.6014 0.4525
0 0.0727 0.2002 0.07 0.1878 0.0704 0.1754 0.0737 0.1636 0.0797 0.1534 0.0881 0.1454 0.0983 0.1401 0.1095 0.138 0.1211 0.1392 0.1322 0.1435 0.142 0.1507 0.1499 0.1603 0.1554 0.1717 0.1581 0.184 0.1578 0.1965 0.1545 0.2083 0.1484 0.2185 0.14 0.2265 0.1298 0.2317 0.1186 0.2339 0.107 0.2327 0.096 0.2284 0.0861 0.2212 0.0782 0.2115
0 0.4331 0.7911 0.4302 0.7775 0.4311 0.7636 0.4357 0.7502 0.4438 0.7383 0.4547 0.7286 0.4678 0.722 0.4821 0.7187 0.4966 0.719 0.5105 0.723 0.5226 0.7303 0.5323 0.7404 0.5388 0.7526 0.5417 0.7662 0.5408 0.7802 0.5362 0.7936 0.5281 0.8055 0.5172 0.8151 0.5041 0.8218 0.4898 0.8251 0.4752 0.8247 0.4614 0.8208 0.4492 0.8135 0.4396 0.8034
0 0.8067 0.4218 0.793 0.4193 0.7805 0.4135 0.77 0.4048 0.7621 0.3937 0.7574 0.381 0.7563 0.3675 0.7588 0.3543 0.7648 0.3422 0.7738 0.3319 0.7852 0.3243 0.7983 0.3199 0.8121 0.3188 0.8257 0.3213 0.8382 0.3271 0.8488 0.3359 0.8567 0.347 0.8613 0.3597 0.8624 0.3731 0.8599 0.3863 0.854 0.3985 0.845 0.4087 0.8336 0.4163 0.8205 0.4208
0 0.1166 0.66 0.1044 0.6469 0.0958 0.6313 0.0915 0.6144 0.0916 0.5972 0.0963 0.581 0.1051 0.5667 0.1176 0.5556 0.1328 0.5481 0.1497 0.545 0.1671 0.5463 0.184 0.5521 0.199 0.5619 0.2112 0.575 0.2198 0.5905 0.2242 0.6075 0.224 0.6247 0.2193 0.6409 0.2105 0.6551 0.198 0.6663 0.1828 0.6737 0.1659 0.6769 0.1485 0.6755 0.1317 0.6698
0 0.1396 0.3028 0.1268 0.3068 0.1133 0.3073 0.1 0.3041 0.0879 0.2976 0.0779 0.2882 0.0705 0.2765 0.0662 0.2633 0.0655 0.2495 0.0683 0.2361 0.0744 0.2239 0.0834 0.2138 0.0947 0.2065 0.1076 0.2025 0.1211 0.2021 0.1344 0.2052 0.1464 0.2117 0.1565 0.2212 0.1639 0.2329 0.1681 0.2461 0.1689 0.2599 0.1661 0.2733 0.16 0.2855 0.151 0.2956
