0 0.4275 0.4435 0.417 0.452 0.405 0.4577 0.3923 0.4602 0.3796 0.4593 0.3679 0.4552 0.3579 0.448 0.3504 0.4383 0.3459 0.4268 0.3446 0.4141 0.3466 0.4013 0.3519 0.3891 0.36 0.3784 0.3705 0.3699 0.3825 0.3642 0.3952 0.3617 0.4079 0.3625 0.4196 0.3667 0.4296 0.3738 0.4371 0.3835 0.4416 0.3951 0.4429 0.4077 0.4409 0.4206 0.4356 0.4328
0 0.2949 0.8089 0.2782 0.8089 0.2621 0.8047 0.2478 0.7967 0.2361 0.7854 0.228 0.7716 0.2239 0.7562 0.2242 0.7403 0.2287 0.725 0.2373 0.7112 0.2493 0.7 0.2639 0.692 0.2801 0.688 0.2968 0.688 0.3129 0.6922 0.3272 0.7001 0.3389 0.7114 0.347 0.7252 0.3511 0.7406 0.3508 0.7566 0.3463 0.7719 0.3377 0.7857 0.3257 0.7969 0.3111 0.8048
0 0.2396 0.7705 0.231 0.776 0.2211 0.7789 0.2104 0.779 0.1998 0.7762 0.1899 0.7708 0.1815 0.7631 0.175 0.7537 0.1711 0.7432 0.1698 0.7323 0.1713 0.7217 0.1756 0.7122 0.1822 0.7045 0.1908 0.699 0.2008 0.6961 0.2115 0.696 0.2221 0.6988 0.232 0.7042 0.2404 0.7119 0.2468 0.7213 0.2508 0.7318 0.2521 0.7427 0.2505 0.7533 0.2463 0.7628
0 0.0776 0.5716 0.0699 0.5714 0.0623 0.5689 0.0556 0.5642 0.05 0.5577 0.0461 0.5498 0.044 0.5411 0.0439 0.5322 0.0458 0.5236 0.0496 0.5159 0.0551 0.5098 0.0618 0.5055 0.0692 0.5034 0.077 0.5036 0.0845 0.5061 0.0913 0.5108 0.0969 0.5173 0.1008 0.5252 0.1029 0.5339 0.103 0.5428 0.1011 0.5514 0.0972 0.5591 0.0918 0.5652 0.0851 0.5695
0 0.2409 0.9434 0.2306 0.9485 0.2196 0.9508 0.2085 0.9503 0.198 0.947 0.189 0.9412 0.1821 0.9332 0.1776 0.9236 0.1759 0.913 0.1772 0.9021 0.1812 0.8918 0.1879 0.8826 0.1966 0.8753 0.2069 0.8703 0.2179 0.868 0.229 0.8684 0.2395 0.8717 0.2485 0.8775 0.2554 0.8855 0.2599 0.8952 0.2616 0.9058 0.2603 0.9166 0.2563 0.927 0.2496 0.9361
0 0.1534 0.5872 0.1535 0.5778 0.156 0.5688 0.1607 0.5607 0.1674 0.5541 0.1756 0.5495 0.1847 0.5471 0.1941 0.5472 0.2031 0.5497 0.2112 0.5545 0.2178 0.5612 0.2224 0.5694 0.2247 0.5784 0.2247 0.5878 0.2221 0.5969 0.2174 0.6049 0.2107 0.6115 0.2025 0.6161 0.1934 0.6185 0.1841 0.6184 0.175 0.6159 0.1669 0.6111 0.1604 0.6044 0.1557 0.5963
0 0.4828 0.6512 0.4665 0.6509 0.4509 0.6466 0.437 0.6386 0.4258 0.6274 0.4181 0.6138 0.4144 0.5987 0.4149 0.5832 0.4196 0.5683 0.4282 0.5551 0.4401 0.5443 0.4545 0.5368 0.4704 0.5331 0.4867 0.5335 0.5023 0.5378 0.5161 0.5458 0.5273 0.557 0.535 0.5706 0.5387 0.5857 0.5382 0.6012 0.5335 0.6161 0.5249 0.6293 0.513 0.6401 0.4986 0.6475
0 0.5469 0.4217 0.5387 0.4313 0.5282 0.4385 0.5163 0.4427 0.5037 0.4437 0.4913 0.4414 0.4799 0.4359 0.4703 0.4277 0.4631 0.4173 0.4589 0.4054 0.4579 0.3928 0.4602 0.3803 0.4656 0.3689 0.4738 0.3593 0.4843 0.3522 0.4962 0.3479 0.5088 0.3469 0.5212 0.3492 0.5326 0.3547 0.5422 0.3629 0.5494 0.3733 0.5536 0.3852 0.5546 0.3978 0.5523 0.4103
0 0.4531 0.8359 0.4474 0.8512 0.4379 0.8645 0.4253 0.8749 0.4105 0.8816 0.3944 0.8843 0.3781 0.8828 0.3628 0.8771 0.3496 0.8676 0.3392 0.855 0.3324 0.8401 0.3297 0.8241 0.3313 0.8078 0.337 0.7925 0.3465 0.7793 0.3591 0.7689 0.3739 0.7621 0.39 0.7594 0.4062 0.761 0.4215 0.7667 0.4348 0.7762 0.4452 0.7888 0.452 0.8036 0.4546 0.8197
0 0.2264 0.0977 0.2253 0.0863 0.2274 0.0749 0.2327 0.0642 0.2408 0.055 0.251 0.048 0.2629 0.0435 0.2754 0.0419 0.2878 0.0433 0.2992 0.0476 0.3088 0.0546 0.3161 0.0636 0.3204 0.0742 0.3216 0.0856 0.3194 0.097 0.3142 0.1077 0.3061 0.1168 0.2958 0.1239 0.284 0.1284 0.2715 0.13 0.2591 0.1286 0.2477 0.1242 0.238 0.1173 0.2308 0.1082
0 0.5547 0.3235 0.5481 0.3366 0.5382 0.3476 0.5257 0.3556 0.5115 0.3602 0.4965 0.3609 0.4817 0.3579 0.4682 0.3512 0.4568 0.3413 0.4484 0.329 0.4435 0.315 0.4425 0.3003 0.4453 0.2859 0.4519 0.2727 0.4618 0.2618 0.4743 0.2538 0.4885 0.2492 0.5035 0.2484 0.5183 0.2515 0.5318 0.2582 0.5432 0.268 0.5516 0.2804 0.5565 0.2944 0.5575 0.3091
0 0.7527 0.2312 0.7386 0.2288 0.7257 0.2227 0.7147 0.2134 0.7064 0.2015 0.7014 0.1877 0.7 0.1731 0.7024 0.1586 0.7083 0.1452 0.7174 0.1339 0.7291 0.1254 0.7424 0.1202 0.7567 0.1188 0.7707 0.1212 0.7837 0.1273 0.7947 0.1366 0.803 0.1485 0.808 0.1623 0.8093 0.1769 0.807 0.1914 0.801 0.2048 0.7919 0.2161 0.7803 0.2246 0.7669 0.2298
0 0.7319 0.5078 0.7204 0.513 0.7081 0.5153 0.6959 0.5145 0.6847 0.5107 0.6751 0.5041 0.6679 0.4953 0.6634 0.4847 0.6622 0.4732 0.6641 0.4614 0.6691 0.4503 0.6769 0.4405 0.6868 0.4328 0.6984 0.4276 0.7106 0.4254 0.7228 0.4262 0.7341 0.43 0.7436 0.4365 0.7509 0.4454 0.7553 0.4559 0.7566 0.4675 0.7547 0.4792 0.7496 0.4903 0.7419 0.5001
0 0.2165 0.7912 0.2126 0.8033 0.2059 0.8139 0.1965 0.8225 0.1853 0.8283 0.173 0.8311 0.1603 0.8305 0.1483 0.8267 0.1376 0.8199 0.1291 0.8106 0.1232 0.7994 0.1205 0.787 0.121 0.7744 0.1249 0.7623 0.1316 0.7517 0.141 0.7431 0.1522 0.7373 0.1645 0.7346 0.1772 0.7351 0.1892 0.7389 0.1999 0.7457 0.2084 0.755 0.2143 0.7662 0.217 0.7786
0 0.404 0.6969 0.387 0.6988 0.3702 0.6965 0.3549 0.6904 0.3419 0.6808 0.3323 0.6683 0.3267 0.6538 0.3254 0.6383 0.3286 0.6229 0.336 0.6086 0.3471 0.5963 0.3612 0.587 0.3773 0.5812 0.3943 0.5794 0.411 0.5816 0.4264 0.5877 0.4393 0.5974 0.4489 0.6098 0.4546 0.6243 0.4558 0.6398 0.4527 0.6552 0.4453 0.6695 0.4342 0.6818 0.4201 0.6911
