0 0.2358 0.7674 0.2323 0.783 0.2242 0.7971 0.2122 0.809 0.197 0.8176 0.1797 0.8225 0.1614 0.8233 0.1434 0.8199 0.1269 0.8127 0.113 0.802 0.1028 0.7886 0.0968 0.7735 0.0955 0.7576 0.099 0.742 0.107 0.7279 0.119 0.716 0.1342 0.7074 0.1516 0.7025 0.1699 0.7017 0.1879 0.7051 0.2044 0.7123 0.2182 0.723 0.2285 0.7364 0.2345 0.7515
0 0.4263 0.0954 0.419 0.0989 0.4107 0.1002 0.4021 0.099 0.3939 0.0957 0.3864 0.0902 0.3803 0.0831 0.376 0.0748 0.3738 0.0659 0.3737 0.0569 0.3759 0.0486 0.3801 0.0414 0.3862 0.0358 0.3935 0.0323 0.4018 0.0311 0.4104 0.0322 0.4186 0.0356 0.4261 0.041 0.4322 0.0482 0.4365 0.0565 0.4387 0.0654 0.4388 0.0743 0.4366 0.0827 0.4324 0.0899
0 0.8278 0.5519 0.815 0.5446 0.8047 0.534 0.7974 0.5209 0.7937 0.5062 0.7939 0.4908 0.7978 0.4758 0.8054 0.4623 0.816 0.4511 0.8288 0.443 0.8432 0.4387 0.858 0.4382 0.8722 0.4418 0.885 0.4492 0.8953 0.4597 0.9026 0.4728 0.9063 0.4876 0.9061 0.503 0.9022 0.5179 0.8946 0.5315 0.884 0.5426 0.8712 0.5507 0.8568 0.5551 0.842 0.5555
0 0.3016 0.648 0.2894 0.6482 0.2776 0.6452 0.2669 0.6395 0.2583 0.6312 0.2521 0.621 0.2489 0.6096 0.2488 0.5978 0.252 0.5863 0.258 0.576 0.2666 0.5675 0.2772 0.5615 0.289 0.5583 0.3012 0.5581 0.3131 0.561 0.3237 0.5668 0.3324 0.575 0.3385 0.5852 0.3417 0.5966 0.3418 0.6084 0.3387 0.6199 0.3326 0.6302 0.324 0.6387 0.3134 0.6448
0 0.8075 0.5114 0.7986 0.5123 0.7896 0.5107 0.7813 0.5066 0.7741 0.5004 0.7686 0.4925 0.7651 0.4833 0.7639 0.4736 0.765 0.464 0.7684 0.4552 0.7739 0.4476 0.781 0.442 0.7894 0.4386 0.7983 0.4377 0.8073 0.4393 0.8156 0.4434 0.8228 0.4496 0.8283 0.4575 0.8318 0.4667 0.833 0.4764 0.8319 0.486 0.8284 0.4948 0.823 0.5024 0.8158 0.508
0 0.7217 0.645 0.714 0.6535 0.7042 0.6596 0.693 0.6629 0.6811 0.6633 0.6692 0.6606 0.6583 0.655 0.6491 0.647 0.6422 0.6371 0.638 0.6259 0.6369 0.6142 0.6389 0.6028 0.644 0.5925 0.6516 0.584 0.6614 0.5779 0.6726 0.5746 0.6846 0.5742 0.6964 0.5769 0.7073 0.5825 0.7165 0.5905 0.7234 0.6004 0.7276 0.6116 0.7287 0.6233 0.7267 0.6347
0 0.8839 0.5791 0.8733 0.5792 0.8629 0.5761 0.8534 0.57 0.8455 0.5615 0.8397 0.5509 0.8364 0.5392 0.8359 0.527 0.8381 0.5152 0.843 0.5046 0.8501 0.4959 0.8591 0.4897 0.8692 0.4865 0.8799 0.4864 0.8903 0.4895 0.8997 0.4956 0.9076 0.5042 0.9134 0.5147 0.9167 0.5265 0.9172 0.5387 0.915 0.5505 0.9101 0.5611 0.903 0.5697 0.894 0.5759
0 0.6757 0.2075 0.6756 0.1944 0.6795 0.1816 0.6869 0.1699 0.6975 0.1602 0.7105 0.1531 0.725 0.1491 0.74 0.1484 0.7546 0.1511 0.7677 0.1571 0.7784 0.1659 0.7859 0.1769 0.7899 0.1894 0.79 0.2025 0.7862 0.2153 0.7787 0.227 0.7681 0.2367 0.7551 0.2438 0.7406 0.2478 0.7256 0.2485 0.711 0.2457 0.698 0.2398 0.6873 0.231 0.6797 0.22
0 0.8041 0.7915 0.7865 0.798 0.7682 0.8001 0.7503 0.7978 0.7341 0.7912 0.7207 0.7807 0.711 0.767 0.7056 0.7511 0.705 0.7341 0.7092 0.7171 0.7178 0.7013 0.7303 0.6877 0.7459 0.6773 0.7635 0.6708 0.7818 0.6686 0.7997 0.6709 0.8159 0.6776 0.8293 0.6881 0.839 0.7017 0.8444 0.7176 0.845 0.7347 0.8408 0.7517 0.8322 0.7675 0.8197 0.7811
0 0.4284 0.325 0.422 0.3114 0.4191 0.2967 0.4199 0.2821 0.4244 0.2685 0.4322 0.2568 0.4428 0.2478 0.4555 0.2422 0.4694 0.2403 0.4836 0.2423 0.4971 0.248 0.509 0.257 0.5185 0.2687 0.5249 0.2824 0.5278 0.297 0.527 0.3116 0.5225 0.3253 0.5147 0.3369 0.5041 0.3459 0.4914 0.3515 0.4774 0.3534 0.4632 0.3514 0.4497 0.3458 0.4378 0.3368
0 0.6484 0.5122 0.6457 0.5267 0.6396 0.5399 0.6303 0.5511 0.6185 0.5595 0.605 0.5644 0.5908 0.5655 0.5768 0.5629 0.5639 0.5566 0.5531 0.5471 0.545 0.535 0.5402 0.5211 0.5391 0.5065 0.5418 0.4921 0.5479 0.4788 0.5572 0.4676 0.569 0.4593 0.5825 0.4544 0.5967 0.4532 0.6107 0.4559 0.6236 0.4622 0.6344 0.4717 0.6425 0.4838 0.6473 0.4976
0 0.3356 0.9237 0.3281 0.9328 0.3187 0.9397 0.3082 0.9441 0.2972 0.9455 0.2865 0.944 0.2769 0.9396 0.2689 0.9325 0.2632 0.9234 0.26 0.9128 0.2597 0.9014 0.2623 0.89 0.2675 0.8794 0.275 0.8704 0.2844 0.8634 0.2949 0.859 0.3059 0.8576 0.3166 0.8591 0.3262 0.8636 0.3342 0.8706 0.34 0.8797 0.3431 0.8903 0.3434 0.9017 0.3409 0.9131
0 0.5414 0.5101 0.5265 0.5215 0.5096 0.5289 0.4918 0.532 0.4744 0.5303 0.4585 0.5242 0.4452 0.514 0.4354 0.5004 0.4298 0.4843 0.4288 0.4668 0.4325 0.4491 0.4405 0.4325 0.4524 0.418 0.4673 0.4066 0.4842 0.3992 0.502 0.3962 0.5194 0.3978 0.5353 0.4039 0.5486 0.4141 0.5583 0.4278 0.5639 0.4439 0.5649 0.4613 0.5613 0.479 0.5532 0.4957
0 0.6348 0.7725 0.6268 0.7876 0.6147 0.8001 0.5996 0.809 0.5823 0.8139 0.5642 0.8142 0.5463 0.8101 0.53 0.8018 0.5163 0.7898 0.5062 0.775 0.5003 0.7584 0.4991 0.7412 0.5027 0.7244 0.5107 0.7092 0.5228 0.6968 0.5379 0.6878 0.5552 0.683 0.5733 0.6826 0.5912 0.6868 0.6075 0.6951 0.6212 0.7071 0.6313 0.7218 0.6372 0.7384 0.6384 0.7557
0 0.3506 0.9765 0.3347 0.9749 0.3196 0.9687 0.3064 0.9582 0.296 0.9441 0.289 0.9275 0.286 0.9094 0.2871 0.8912 0.2923 0.8739 0.3012 0.8589 0.3133 0.847 0.3276 0.8393 0.3432 0.836 0.3591 0.8376 0.3741 0.8438 0.3873 0.8543 0.3977 0.8684 0.4047 0.885 0.4077 0.9031 0.4066 0.9213 0.4014 0.9386 0.3925 0.9536 0.3805 0.9655 0.3662 0.9732
0 0.4474 0.247 0.4449 0.2297 0.4466 0.2125 0.4523 0.1965 0.4618 0.1829 0.4742 0.1726 0.4889 0.1664 0.5047 0.1645 0.5206 0.1672 0.5356 0.1742 0.5485 0.1851 0.5586 0.1992 0.5651 0.2155 0.5676 0.2328 0.5659 0.25 0.5602 0.266 0.5507 0.2796 0.5383 0.2899 0.5236 0.2961 0.5078 0.298 0.4919 0.2953 0.4769 0.2883 0.464 0.2774 0.4539 0.2633
0 0.2895 0.4954 0.2847 0.5093 0.2767 0.5215 0.266 0.5311 0.2534 0.5375 0.2397 0.5404 0.2258 0.5394 0.2128 0.5347 0.2014 0.5265 0.1925 0.5155 0.1867 0.5023 0.1843 0.4879 0.1855 0.4733 0.1903 0.4595 0.1983 0.4473 0.209 0.4377 0.2216 0.4312 0.2353 0.4284 0.2492 0.4294 0.2622 0.4341 0.2736 0.4422 0.2825 0.4533 0.2883 0.4664 0.2907 0.4808
