0 0.5357 0.2326 0.5283 0.2403 0.5192 0.2457 0.5088 0.2486 0.4979 0.2487 0.4873 0.246 0.4777 0.2407 0.4697 0.2331 0.4638 0.2239 0.4605 0.2135 0.4601 0.2028 0.4624 0.1924 0.4674 0.183 0.4748 0.1754 0.4839 0.1699 0.4943 0.167 0.5052 0.167 0.5158 0.1696 0.5254 0.1749 0.5335 0.1825 0.5393 0.1917 0.5426 0.2021 0.5431 0.2129 0.5407 0.2233
0 0.7324 0.3192 0.7312 0.3042 0.7336 0.2894 0.7396 0.2759 0.7488 0.2645 0.7605 0.2561 0.7739 0.2513 0.7882 0.2502 0.8023 0.2532 0.8153 0.2598 0.8263 0.2697 0.8345 0.2822 0.8394 0.2964 0.8407 0.3115 0.8383 0.3262 0.8323 0.3398 0.8231 0.3511 0.8114 0.3595 0.798 0.3644 0.7837 0.3654 0.7696 0.3625 0.7566 0.3558 0.7456 0.3459 0.7374 0.3334
0 0.7949 0.1562 0.7831 0.1489 0.7737 0.1387 0.7671 0.1263 0.764 0.1125 0.7646 0.0983 0.7687 0.0846 0.7761 0.0724 0.7863 0.0626 0.7986 0.0556 0.8122 0.0522 0.8261 0.0524 0.8394 0.0563 0.8512 0.0636 0.8607 0.0738 0.8672 0.0862 0.8703 0.1 0.8698 0.1142 0.8657 0.1279 0.8583 0.1401 0.8481 0.1499 0.8358 0.1569 0.8222 0.1603 0.8083 0.1601
0 0.4581 0.1556 0.449 0.1575 0.4395 0.157 0.4305 0.1539 0.4225 0.1486 0.416 0.1413 0.4115 0.1326 0.4094 0.1231 0.4097 0.1133 0.4124 0.1041 0.4173 0.0959 0.4242 0.0895 0.4325 0.0851 0.4417 0.0831 0.4511 0.0836 0.4601 0.0867 0.4681 0.092 0.4746 0.0993 0.4791 0.108 0.4813 0.1176 0.481 0.1273 0.4783 0.1365 0.4733 0.1447 0.4664 0.1512
0 0.6532 0.4105 0.6544 0.3991 0.6589 0.3883 0.6667 0.3788 0.677 0.3713 0.6891 0.3663 0.7024 0.3641 0.7158 0.3649 0.7285 0.3686 0.7395 0.375 0.7481 0.3836 0.7538 0.3939 0.7562 0.4051 0.755 0.4165 0.7504 0.4273 0.7427 0.4368 0.7324 0.4443 0.7202 0.4493 0.707 0.4515 0.6936 0.4507 0.6809 0.447 0.6699 0.4406 0.6612 0.432 0.6555 0.4217
0 0.6017 0.6921 0.6022 0.6843 0.605 0.6769 0.6099 0.6703 0.6166 0.6649 0.6246 0.6613 0.6334 0.6595 0.6423 0.6597 0.6508 0.662 0.6583 0.666 0.6643 0.6717 0.6683 0.6785 0.6702 0.6861 0.6697 0.6938 0.6669 0.7013 0.662 0.7079 0.6553 0.7132 0.6473 0.7169 0.6385 0.7186 0.6296 0.7184 0.6211 0.7162 0.6136 0.7121 0.6076 0.7064 0.6035 0.6996
0 0.2071 0.7891 0.1982 0.7875 0.19 0.7833 0.183 0.7767 0.1777 0.7682 0.1744 0.7584 0.1734 0.7478 0.1748 0.7373 0.1784 0.7276 0.184 0.7193 0.1912 0.713 0.1996 0.709 0.2085 0.7078 0.2174 0.7094 0.2256 0.7136 0.2326 0.7201 0.2379 0.7286 0.2412 0.7385 0.2422 0.749 0.2408 0.7595 0.2372 0.7693 0.2316 0.7776 0.2244 0.7839 0.216 0.7878
0 0.3608 0.6027 0.3532 0.6095 0.3441 0.6141 0.3339 0.6162 0.3235 0.6155 0.3135 0.6122 0.3046 0.6065 0.2974 0.5987 0.2924 0.5894 0.2899 0.5793 0.2902 0.5689 0.2931 0.5591 0.2986 0.5504 0.3061 0.5436 0.3153 0.539 0.3254 0.5369 0.3359 0.5376 0.3459 0.5409 0.3548 0.5466 0.362 0.5544 0.367 0.5637 0.3694 0.5739 0.3692 0.5842 0.3662 0.594
0 0.3366 0.8753 0.3345 0.8658 0.3349 0.856 0.3379 0.8467 0.3431 0.8384 0.3504 0.8318 0.359 0.8273 0.3686 0.8251 0.3784 0.8256 0.3877 0.8285 0.396 0.8338 0.4026 0.841 0.4071 0.8497 0.4092 0.8592 0.4088 0.869 0.4059 0.8783 0.4006 0.8866 0.3934 0.8932 0.3847 0.8977 0.3751 0.8999 0.3654 0.8994 0.356 0.8965 0.3478 0.8912 0.3412 0.884
0 0.7481 0.1163 0.7418 0.1008 0.7395 0.0844 0.7413 0.0682 0.7471 0.0534 0.7566 0.0408 0.7689 0.0315 0.7834 0.0259 0.7991 0.0246 0.8148 0.0275 0.8294 0.0346 0.8421 0.0452 0.8519 0.0587 0.8582 0.0742 0.8605 0.0906 0.8587 0.1068 0.8529 0.1216 0.8434 0.1342 0.8311 0.1435 0.8166 0.1491 0.8009 0.1504 0.7852 0.1475 0.7706 0.1404 0.7579 0.1298
0 0.5381 0.497 0.5295 0.5031 0.5198 0.507 0.5097 0.5084 0.4999 0.5072 0.4911 0.5035 0.4839 0.4975 0.4787 0.4897 0.4759 0.4805 0.4757 0.4706 0.4781 0.4608 0.483 0.4516 0.49 0.4436 0.4986 0.4375 0.5083 0.4336 0.5184 0.4322 0.5282 0.4334 0.537 0.4371 0.5443 0.4431 0.5494 0.451 0.5522 0.4601 0.5524 0.47 0.55 0.4798 0.5451 0.4891
0 0.6179 0.889 0.6149 0.8966 0.6099 0.9032 0.6031 0.9082 0.595 0.9115 0.5863 0.9127 0.5773 0.9117 0.5689 0.9087 0.5615 0.9038 0.5557 0.8973 0.5519 0.8898 0.5502 0.8817 0.5509 0.8735 0.5538 0.8659 0.5589 0.8593 0.5657 0.8543 0.5737 0.851 0.5825 0.8498 0.5914 0.8508 0.5998 0.8538 0.6072 0.8587 0.613 0.8652 0.6169 0.8727 0.6185 0.8808
0 0.5544 0.5455 0.5441 0.5308 0.5379 0.514 0.5361 0.4965 0.5389 0.4793 0.5461 0.4636 0.5571 0.4505 0.5713 0.4408 0.5877 0.4354 0.6051 0.4344 0.6224 0.438 0.6383 0.4459 0.6519 0.4577 0.6621 0.4724 0.6684 0.4891 0.6701 0.5066 0.6673 0.5239 0.6602 0.5395 0.6491 0.5527 0.6349 0.5623 0.6186 0.5678 0.6012 0.5687 0.5839 0.5651 0.5679 0.5572
0 0.5281 0.9262 0.5228 0.9354 0.5154 0.9429 0.5064 0.9482 0.4964 0.951 0.4862 0.951 0.4763 0.9483 0.4675 0.9431 0.4605 0.9357 0.4555 0.9266 0.4531 0.9164 0.4533 0.9059 0.4562 0.8957 0.4616 0.8865 0.469 0.879 0.478 0.8737 0.488 0.8709 0.4982 0.8709 0.5081 0.8735 0.5168 0.8788 0.5239 0.8862 0.5288 0.8953 0.5313 0.9055 0.531 0.916
0 0.5754 0.517 0.5567 0.5207 0.5377 0.5198 0.52 0.5144 0.5046 0.5047 0.4926 0.4916 0.4848 0.4758 0.4819 0.4585 0.4838 0.4408 0.4906 0.424 0.5018 0.4091 0.5166 0.3973 0.5339 0.3892 0.5527 0.3855 0.5716 0.3864 0.5894 0.3919 0.6048 0.4015 0.6168 0.4147 0.6245 0.4304 0.6275 0.4477 0.6256 0.4654 0.6188 0.4823 0.6076 0.4971 0.5928 0.509
0 0.8425 0.7372 0.8319 0.7405 0.8211 0.741 0.8105 0.7389 0.8011 0.7343 0.7934 0.7274 0.788 0.7187 0.7852 0.7089 0.7852 0.6986 0.7881 0.6885 0.7935 0.6792 0.8012 0.6715 0.8107 0.6659 0.8212 0.6627 0.8321 0.6621 0.8426 0.6642 0.852 0.6689 0.8597 0.6758 0.8651 0.6844 0.8679 0.6942 0.8679 0.7045 0.865 0.7147 0.8596 0.7239 0.8519 0.7316
0 0.5031 0.7778 0.5006 0.7906 0.4946 0.8024 0.4857 0.8123 0.4743 0.8196 0.4612 0.8239 0.4474 0.8249 0.4337 0.8225 0.4212 0.8169 0.4106 0.8083 0.4027 0.7976 0.3981 0.7852 0.3969 0.7722 0.3994 0.7594 0.4054 0.7476 0.4143 0.7377 0.4257 0.7304 0.4388 0.7261 0.4526 0.7251 0.4663 0.7275 0.4788 0.7331 0.4894 0.7417 0.4973 0.7524 0.5019 0.7648
