0 0.3929 0.5556 0.3834 0.5424 0.3776 0.5272 0.3758 0.5111 0.3783 0.4953 0.3848 0.4807 0.3949 0.4684 0.4079 0.4592 0.4229 0.4537 0.4389 0.4524 0.4548 0.4552 0.4695 0.4621 0.4821 0.4725 0.4916 0.4857 0.4974 0.5009 0.4992 0.517 0.4967 0.5329 0.4902 0.5475 0.4801 0.5598 0.4671 0.569 0.4521 0.5744 0.4361 0.5758 0.4202 0.5729 0.4055 0.566
0 0.2941 0.4739 0.2851 0.4663 0.2784 0.4565 0.2744 0.4454 0.2735 0.4336 0.2757 0.4219 0.2807 0.4113 0.2884 0.4023 0.2982 0.3956 0.3093 0.3916 0.3211 0.3907 0.3328 0.3928 0.3434 0.3979 0.3524 0.4056 0.3591 0.4154 0.3631 0.4265 0.364 0.4383 0.3618 0.4499 0.3568 0.4606 0.3491 0.4696 0.3393 0.4763 0.3282 0.4803 0.3164 0.4812 0.3047 0.479
0 0.6081 0.8803 0.5949 0.8845 0.5813 0.8854 0.5682 0.8831 0.5566 0.8776 0.5471 0.8695 0.5405 0.8591 0.5372 0.8473 0.5375 0.8348 0.5413 0.8225 0.5483 0.8112 0.5581 0.8017 0.57 0.7947 0.5832 0.7905 0.5968 0.7896 0.6099 0.7919 0.6216 0.7974 0.631 0.8055 0.6376 0.8159 0.6409 0.8277 0.6406 0.8402 0.6369 0.8525 0.6298 0.8638 0.62 0.8733
0 0.7808 0.3973 0.7772 0.4115 0.7701 0.4243 0.7601 0.4348 0.7478 0.4423 0.734 0.4463 0.7197 0.4465 0.7059 0.4428 0.6935 0.4356 0.6833 0.4254 0.6761 0.4128 0.6724 0.3986 0.6723 0.384 0.6759 0.3697 0.683 0.3569 0.693 0.3464 0.7054 0.3389 0.7191 0.335 0.7334 0.3348 0.7472 0.3384 0.7596 0.3456 0.7698 0.3559 0.777 0.3685 0.7808 0.3826
0 0.6592 0.387 0.6525 0.3823 0.6473 0.3758 0.644 0.3678 0.6428 0.359 0.6438 0.3498 0.6469 0.341 0.6519 0.3331 0.6586 0.3267 0.6663 0.3222 0.6746 0.3199 0.6829 0.3199 0.6908 0.3224 0.6975 0.327 0.7027 0.3336 0.706 0.3415 0.7072 0.3504 0.7062 0.3596 0.7031 0.3684 0.6981 0.3763 0.6914 0.3827 0.6837 0.3872 0.6754 0.3895 0.6671 0.3894
0 0.5348 0.6758 0.5198 0.6693 0.507 0.6593 0.4972 0.6464 0.4911 0.6316 0.4892 0.6157 0.4915 0.6 0.4979 0.5854 0.5079 0.573 0.521 0.5636 0.5361 0.5578 0.5522 0.5561 0.5684 0.5586 0.5833 0.5651 0.5961 0.5751 0.6059 0.5879 0.612 0.6028 0.6139 0.6187 0.6116 0.6344 0.6052 0.649 0.5952 0.6614 0.5822 0.6708 0.5671 0.6765 0.5509 0.6782
0 0.561 0.9258 0.5616 0.9169 0.5644 0.9084 0.5694 0.9009 0.5761 0.8949 0.5841 0.8909 0.5929 0.8891 0.6019 0.8897 0.6104 0.8925 0.6179 0.8975 0.6238 0.9042 0.6278 0.9122 0.6296 0.921 0.6291 0.93 0.6262 0.9385 0.6213 0.946 0.6145 0.9519 0.6065 0.9559 0.5977 0.9577 0.5888 0.9572 0.5802 0.9543 0.5728 0.9494 0.5668 0.9427 0.5628 0.9346
0 0.6668 0.1516 0.6661 0.1361 0.6698 0.1208 0.6777 0.1067 0.6892 0.0948 0.7036 0.086 0.7199 0.0808 0.737 0.0795 0.7536 0.0823 0.7688 0.089 0.7814 0.0991 0.7905 0.1119 0.7957 0.1265 0.7964 0.1421 0.7927 0.1574 0.7848 0.1714 0.7733 0.1833 0.7589 0.1921 0.7426 0.1973 0.7255 0.1986 0.7089 0.1958 0.6937 0.1891 0.6811 0.179 0.672 0.1662
0 0.5861 0.462 0.5773 0.4491 0.5727 0.4339 0.5725 0.4173 0.5767 0.4004 0.5851 0.3845 0.597 0.3706 0.6117 0.3597 0.6281 0.3525 0.6452 0.3494 0.6618 0.3508 0.6767 0.3565 0.6889 0.3661 0.6977 0.379 0.7023 0.3942 0.7025 0.4109 0.6983 0.4277 0.6899 0.4436 0.678 0.4575 0.6633 0.4684 0.6469 0.4756 0.6298 0.4787 0.6132 0.4773 0.5983 0.4716
0 0.2201 0.2063 0.2189 0.1949 0.2207 0.1836 0.2255 0.173 0.2329 0.164 0.2425 0.1571 0.2535 0.1529 0.2652 0.1515 0.2769 0.1531 0.2877 0.1575 0.2968 0.1646 0.3038 0.1737 0.308 0.1844 0.3093 0.1957 0.3074 0.207 0.3026 0.2176 0.2952 0.2266 0.2857 0.2335 0.2746 0.2378 0.2629 0.2392 0.2512 0.2376 0.2405 0.2331 0.2313 0.226 0.2243 0.2169
0 0.0528 0.6617 0.0459 0.656 0.0408 0.6485 0.0378 0.6399 0.0371 0.6307 0.0388 0.6215 0.0427 0.613 0.0486 0.6058 0.0562 0.6002 0.0647 0.5968 0.0738 0.5957 0.0827 0.5971 0.0909 0.6008 0.0978 0.6065 0.1029 0.614 0.106 0.6226 0.1066 0.6318 0.105 0.641 0.101 0.6495 0.0951 0.6567 0.0876 0.6623 0.079 0.6657 0.07 0.6668 0.061 0.6654
0 0.2782 0.5805 0.2675 0.5753 0.2586 0.5671 0.2521 0.5562 0.2485 0.5436 0.2479 0.53 0.2504 0.5164 0.2559 0.5037 0.264 0.4928 0.2741 0.4844 0.2855 0.4791 0.2975 0.4772 0.3093 0.4789 0.32 0.484 0.3289 0.4923 0.3354 0.5031 0.339 0.5158 0.3396 0.5293 0.3371 0.5429 0.3316 0.5556 0.3235 0.5666 0.3134 0.575 0.302 0.5803 0.29 0.5822
0 0.1881 0.7456 0.1786 0.748 0.1687 0.7478 0.1592 0.7449 0.1506 0.7396 0.1436 0.7323 0.1387 0.7234 0.1361 0.7136 0.136 0.7034 0.1385 0.6937 0.1434 0.685 0.1503 0.678 0.1588 0.6732 0.1683 0.6708 0.1781 0.671 0.1877 0.6738 0.1962 0.6791 0.2032 0.6864 0.2082 0.6953 0.2108 0.7052 0.2109 0.7153 0.2084 0.7251 0.2035 0.7337 0.1966 0.7407
0 0.5439 0.8486 0.5419 0.8382 0.5422 0.8278 0.5451 0.818 0.5502 0.8096 0.5572 0.8031 0.5656 0.7989 0.5748 0.7973 0.5843 0.7985 0.5934 0.8023 0.6014 0.8086 0.6079 0.8168 0.6123 0.8264 0.6144 0.8368 0.614 0.8472 0.6112 0.857 0.6061 0.8654 0.5991 0.8719 0.5907 0.8761 0.5814 0.8777 0.5719 0.8765 0.5628 0.8727 0.5548 0.8664 0.5484 0.8582
0 0.3611 0.7128 0.3476 0.722 0.332 0.7272 0.3154 0.7281 0.2989 0.7247 0.2837 0.7171 0.2707 0.7059 0.261 0.6918 0.255 0.6759 0.2533 0.6591 0.2559 0.6427 0.2628 0.6278 0.2733 0.6153 0.2868 0.6061 0.3024 0.6009 0.319 0.6 0.3355 0.6035 0.3507 0.611 0.3636 0.6222 0.3734 0.6363 0.3794 0.6522 0.3811 0.669 0.3784 0.6854 0.3716 0.7003
0 0.533 0.1222 0.5308 0.1048 0.5326 0.0877 0.5384 0.0719 0.5477 0.0585 0.56 0.0486 0.5744 0.0426 0.5898 0.0411 0.6054 0.0442 0.6199 0.0516 0.6324 0.0628 0.6421 0.0771 0.6482 0.0934 0.6505 0.1108 0.6486 0.128 0.6429 0.1438 0.6335 0.1571 0.6212 0.1671 0.6069 0.173 0.5914 0.1745 0.5759 0.1715 0.5614 0.1641 0.5489 0.1528 0.5392 0.1386
