0 0.5765 0.6015 0.5705 0.5898 0.5678 0.577 0.5686 0.5638 0.5728 0.5512 0.5801 0.54 0.5901 0.5309 0.602 0.5247 0.615 0.5216 0.6283 0.522 0.641 0.5258 0.6521 0.5327 0.661 0.5423 0.667 0.5539 0.6697 0.5667 0.6689 0.5799 0.6647 0.5926 0.6574 0.6038 0.6474 0.6128 0.6355 0.6191 0.6225 0.6221 0.6092 0.6217 0.5965 0.618 0.5854 0.611
0 0.9008 0.3904 0.8865 0.3895 0.8728 0.3844 0.8606 0.3755 0.8509 0.3634 0.8441 0.3488 0.8408 0.3329 0.8413 0.3166 0.8454 0.3011 0.8529 0.2875 0.8634 0.2766 0.876 0.2692 0.8899 0.2659 0.9042 0.2668 0.9178 0.2718 0.93 0.2807 0.9398 0.2929 0.9465 0.3074 0.9498 0.3234 0.9493 0.3396 0.9452 0.3551 0.9377 0.3688 0.9273 0.3797 0.9147 0.387
0 0.9284 0.9107 0.9171 0.9188 0.9041 0.9236 0.8903 0.925 0.8767 0.9227 0.864 0.9169 0.8533 0.9081 0.8453 0.8968 0.8404 0.8838 0.8391 0.87 0.8414 0.8563 0.8471 0.8437 0.856 0.833 0.8672 0.825 0.8802 0.8201 0.894 0.8188 0.9077 0.8211 0.9203 0.8268 0.931 0.8356 0.9391 0.8469 0.944 0.8599 0.9453 0.8737 0.943 0.8874 0.9372 0.9
0 0.9225 0.8016 0.9152 0.7951 0.9098 0.7871 0.9065 0.7781 0.9057 0.7689 0.9074 0.7599 0.9115 0.7519 0.9176 0.7454 0.9254 0.7407 0.9344 0.7383 0.9439 0.7383 0.9533 0.7407 0.9619 0.7453 0.9692 0.7518 0.9746 0.7598 0.9779 0.7687 0.9786 0.778 0.977 0.7869 0.9729 0.7949 0.9668 0.8015 0.9589 0.8061 0.95 0.8086 0.9405 0.8086 0.9311 0.8062
0 0.276 0.8603 0.2679 0.8576 0.2608 0.8523 0.2552 0.845 0.2514 0.8362 0.2498 0.8263 0.2505 0.8162 0.2534 0.8064 0.2582 0.7977 0.2648 0.7906 0.2725 0.7857 0.281 0.7832 0.2896 0.7834 0.2977 0.7862 0.3048 0.7914 0.3105 0.7987 0.3142 0.8076 0.3158 0.8174 0.3151 0.8276 0.3123 0.8373 0.3074 0.846 0.3009 0.8531 0.2931 0.858 0.2846 0.8605
0 0.1696 0.5109 0.1628 0.519 0.1536 0.525 0.1427 0.5282 0.1308 0.5286 0.1187 0.526 0.1072 0.5208 0.0972 0.5131 0.0892 0.5036 0.084 0.4929 0.0817 0.4817 0.0826 0.4709 0.0866 0.461 0.0934 0.4528 0.1026 0.4469 0.1136 0.4437 0.1255 0.4433 0.1376 0.4458 0.149 0.4511 0.1591 0.4588 0.167 0.4683 0.1723 0.479 0.1745 0.4901 0.1736 0.501
0 0.1321 0.2764 0.1191 0.278 0.1062 0.2762 0.094 0.2709 0.0836 0.2627 0.0756 0.252 0.0705 0.2395 0.0686 0.2262 0.0703 0.2129 0.0752 0.2005 0.083 0.1899 0.0934 0.1818 0.1054 0.1768 0.1184 0.1751 0.1313 0.177 0.1435 0.1822 0.1539 0.1905 0.1619 0.2012 0.167 0.2136 0.1689 0.227 0.1672 0.2403 0.1623 0.2526 0.1545 0.2632 0.1441 0.2713
0 0.8882 0.7961 0.8733 0.7983 0.8583 0.7965 0.8442 0.7907 0.8319 0.7814 0.8224 0.7692 0.8163 0.755 0.814 0.7397 0.8156 0.7243 0.821 0.71 0.8299 0.6976 0.8417 0.6881 0.8555 0.682 0.8705 0.6798 0.8855 0.6817 0.8996 0.6874 0.9118 0.6967 0.9213 0.7089 0.9274 0.7231 0.9298 0.7384 0.9282 0.7538 0.9227 0.7682 0.9138 0.7805 0.9021 0.7901
0 0.2723 0.606 0.2686 0.5905 0.2696 0.5742 0.2753 0.5584 0.2851 0.5439 0.2986 0.5319 0.3147 0.5232 0.3323 0.5183 0.3503 0.5176 0.3675 0.5211 0.3825 0.5286 0.3946 0.5396 0.4027 0.5533 0.4064 0.5689 0.4054 0.5851 0.3997 0.601 0.3899 0.6154 0.3764 0.6274 0.3603 0.6362 0.3427 0.6411 0.3247 0.6418 0.3075 0.6383 0.2925 0.6307 0.2804 0.6198
0 0.369 0.8076 0.3499 0.8035 0.3325 0.7951 0.3179 0.7829 0.3073 0.7676 0.3013 0.7505 0.3003 0.7325 0.3044 0.715 0.3133 0.6992 0.3264 0.686 0.3428 0.6765 0.3615 0.6712 0.381 0.6706 0.4001 0.6746 0.4175 0.683 0.4321 0.6953 0.4427 0.7105 0.4487 0.7277 0.4497 0.7456 0.4456 0.7631 0.4367 0.779 0.4236 0.7921 0.4072 0.8016 0.3885 0.8069
0 0.7317 0.5559 0.72 0.5661 0.7065 0.5732 0.692 0.5766 0.6775 0.5763 0.664 0.5721 0.6525 0.5644 0.6436 0.5537 0.638 0.5408 0.6362 0.5264 0.6381 0.5116 0.6438 0.4974 0.6527 0.4848 0.6643 0.4746 0.6779 0.4675 0.6924 0.464 0.7069 0.4643 0.7203 0.4685 0.7319 0.4762 0.7408 0.4869 0.7463 0.4999 0.7482 0.5142 0.7462 0.529 0.7406 0.5432
0 0.1538 0.5664 0.1456 0.5573 0.1401 0.5462 0.1378 0.5339 0.1388 0.5212 0.1429 0.5089 0.15 0.498 0.1596 0.4891 0.1709 0.4829 0.1833 0.4797 0.1958 0.4799 0.2077 0.4833 0.2181 0.4898 0.2263 0.4989 0.2317 0.51 0.2341 0.5223 0.2331 0.5351 0.2289 0.5473 0.2218 0.5583 0.2123 0.5671 0.201 0.5734 0.1886 0.5765 0.1761 0.5764 0.1642 0.5729
0 0.414 0.8604 0.4025 0.8632 0.3905 0.8627 0.3788 0.8588 0.3683 0.8519 0.3596 0.8425 0.3533 0.831 0.3499 0.8185 0.3496 0.8056 0.3524 0.7933 0.3581 0.7824 0.3663 0.7737 0.3766 0.7677 0.3881 0.7649 0.4001 0.7654 0.4118 0.7693 0.4223 0.7762 0.431 0.7857 0.4373 0.7971 0.4407 0.8097 0.4411 0.8225 0.4383 0.8348 0.4325 0.8457 0.4243 0.8544
0 0.8649 0.2107 0.8558 0.213 0.8462 0.2125 0.8367 0.2093 0.828 0.2035 0.8208 0.1955 0.8154 0.1859 0.8122 0.1754 0.8115 0.1646 0.8134 0.1543 0.8176 0.1453 0.824 0.138 0.832 0.133 0.8411 0.1307 0.8507 0.1312 0.8602 0.1345 0.8688 0.1403 0.8761 0.1483 0.8815 0.1578 0.8847 0.1684 0.8853 0.1791 0.8835 0.1894 0.8793 0.1985 0.8729 0.2058
