0 0.074 0.2693 0.0735 0.2587 0.0757 0.2484 0.0803 0.239 0.0872 0.2312 0.0957 0.2256 0.1054 0.2225 0.1156 0.2221 0.1256 0.2245 0.1347 0.2294 0.1423 0.2366 0.1478 0.2456 0.151 0.2557 0.1515 0.2663 0.1493 0.2766 0.1447 0.286 0.1378 0.2938 0.1293 0.2994 0.1196 0.3025 0.1094 0.3029 0.0994 0.3005 0.0903 0.2956 0.0827 0.2884 0.0772 0.2794
0 0.8897 0.8157 0.8814 0.8288 0.87 0.8393 0.8562 0.8464 0.8411 0.8498 0.8256 0.8491 0.8108 0.8444 0.7978 0.8361 0.7873 0.8247 0.7801 0.8109 0.7768 0.7958 0.7775 0.7803 0.7821 0.7655 0.7905 0.7525 0.8019 0.742 0.8156 0.7348 0.8308 0.7315 0.8462 0.7322 0.861 0.7368 0.8741 0.7451 0.8846 0.7566 0.8917 0.7703 0.8951 0.7855 0.8944 0.8009
0 0.7631 0.4386 0.7548 0.4255 0.7504 0.4105 0.7501 0.3947 0.7539 0.3791 0.7617 0.3649 0.7728 0.353 0.7865 0.3441 0.8018 0.339 0.8178 0.3379 0.8333 0.3409 0.8473 0.3479 0.8588 0.3583 0.8671 0.3714 0.8715 0.3864 0.8718 0.4022 0.8679 0.4177 0.8602 0.432 0.8491 0.4439 0.8354 0.4528 0.8201 0.4579 0.8041 0.459 0.7886 0.456 0.7746 0.449
0 0.2348 0.7588 0.2318 0.7469 0.232 0.7346 0.2355 0.7227 0.242 0.7121 0.2511 0.7033 0.2621 0.6972 0.2743 0.6939 0.2869 0.6939 0.299 0.6971 0.3098 0.7032 0.3185 0.7118 0.3246 0.7225 0.3276 0.7343 0.3274 0.7466 0.3239 0.7585 0.3173 0.7692 0.3083 0.7779 0.2972 0.7841 0.285 0.7873 0.2724 0.7873 0.2603 0.7842 0.2496 0.7781 0.2409 0.7694
0 0.3918 0.3413 0.3894 0.3243 0.3918 0.3071 0.3988 0.291 0.4099 0.2769 0.4244 0.266 0.4413 0.2588 0.4594 0.2559 0.4775 0.2576 0.4944 0.2636 0.5089 0.2735 0.52 0.2868 0.527 0.3025 0.5293 0.3195 0.527 0.3366 0.52 0.3528 0.5088 0.3668 0.4943 0.3778 0.4775 0.385 0.4594 0.3878 0.4412 0.3862 0.4244 0.3802 0.4099 0.3702 0.3988 0.3569
0 0.2192 0.5462 0.2075 0.5529 0.1945 0.5563 0.1812 0.5564 0.1684 0.5531 0.1571 0.5466 0.1479 0.5373 0.1415 0.5259 0.1384 0.5132 0.1387 0.5 0.1424 0.4872 0.1493 0.4757 0.159 0.4663 0.1707 0.4596 0.1836 0.4562 0.1969 0.4561 0.2097 0.4594 0.2211 0.4659 0.2302 0.4752 0.2366 0.4866 0.2398 0.4993 0.2395 0.5125 0.2357 0.5253 0.2288 0.5368
0 0.7279 0.523 0.7182 0.5162 0.7106 0.5072 0.7056 0.4966 0.7035 0.4853 0.7045 0.4738 0.7084 0.4631 0.7151 0.4538 0.7241 0.4466 0.7347 0.442 0.7462 0.4403 0.7579 0.4416 0.769 0.4457 0.7786 0.4526 0.7862 0.4616 0.7913 0.4721 0.7934 0.4835 0.7924 0.4949 0.7884 0.5056 0.7818 0.5149 0.7728 0.5221 0.7622 0.5267 0.7507 0.5285 0.739 0.5272
0 0.7984 0.8655 0.7876 0.8632 0.7778 0.858 0.7696 0.8502 0.7635 0.8404 0.7601 0.8292 0.7595 0.8174 0.7617 0.8058 0.7667 0.7952 0.774 0.7863 0.7833 0.7797 0.7937 0.7759 0.8047 0.7751 0.8155 0.7774 0.8253 0.7826 0.8336 0.7904 0.8396 0.8003 0.843 0.8115 0.8436 0.8233 0.8414 0.8349 0.8364 0.8455 0.8291 0.8544 0.8199 0.8609 0.8094 0.8647
0 0.6049 0.6952 0.5923 0.6944 0.5803 0.6904 0.5698 0.6834 0.5614 0.674 0.5558 0.6626 0.5532 0.6503 0.554 0.6376 0.558 0.6256 0.565 0.6151 0.5745 0.6067 0.5858 0.6011 0.5982 0.5986 0.6108 0.5993 0.6228 0.6033 0.6333 0.6103 0.6417 0.6198 0.6474 0.6311 0.6499 0.6435 0.6491 0.6561 0.6451 0.6681 0.6381 0.6787 0.6286 0.687 0.6173 0.6927
0 0.4677 0.5321 0.466 0.5241 0.4667 0.5158 0.4696 0.5079 0.4746 0.5008 0.4813 0.495 0.4893 0.4909 0.498 0.4889 0.5069 0.489 0.5153 0.4912 0.5226 0.4954 0.5284 0.5014 0.5323 0.5086 0.534 0.5166 0.5333 0.5248 0.5304 0.5328 0.5254 0.5399 0.5187 0.5456 0.5107 0.5497 0.502 0.5517 0.4931 0.5516 0.4847 0.5494 0.4774 0.5452 0.4716 0.5393
0 0.9041 0.4781 0.8879 0.4764 0.8728 0.4709 0.8597 0.462 0.8495 0.4502 0.843 0.4363 0.8406 0.4214 0.8425 0.4064 0.8485 0.3924 0.8582 0.3802 0.871 0.3708 0.886 0.3648 0.9021 0.3625 0.9183 0.3642 0.9335 0.3697 0.9466 0.3787 0.9567 0.3905 0.9632 0.4043 0.9656 0.4192 0.9637 0.4342 0.9577 0.4483 0.948 0.4604 0.9352 0.4698 0.9203 0.4759
0 0.1051 0.6578 0.0912 0.661 0.0771 0.6607 0.0636 0.6569 0.0518 0.6498 0.0424 0.64 0.0361 0.6281 0.0333 0.6149 0.0342 0.6013 0.0387 0.5883 0.0465 0.5768 0.0572 0.5674 0.0699 0.5609 0.0838 0.5577 0.0979 0.5581 0.1114 0.5619 0.1232 0.569 0.1326 0.5788 0.1389 0.5907 0.1417 0.6038 0.1408 0.6174 0.1363 0.6304 0.1285 0.642 0.1178 0.6513
0 0.2818 0.9592 0.2726 0.9684 0.2612 0.975 0.2485 0.9783 0.2352 0.9782 0.2222 0.9747 0.2105 0.9681 0.2009 0.9587 0.194 0.9472 0.1902 0.9344 0.1899 0.9212 0.1931 0.9085 0.1994 0.8971 0.2086 0.8878 0.22 0.8813 0.2328 0.8779 0.2461 0.878 0.259 0.8815 0.2707 0.8882 0.2803 0.8976 0.2873 0.9091 0.291 0.9218 0.2913 0.935 0.2882 0.9478
0 0.5509 0.708 0.5379 0.7004 0.5273 0.69 0.5197 0.6776 0.5157 0.6641 0.5154 0.6504 0.5191 0.6374 0.5263 0.626 0.5366 0.617 0.5494 0.611 0.5636 0.6084 0.5785 0.6094 0.5928 0.6138 0.6058 0.6215 0.6164 0.6319 0.6241 0.6443 0.6281 0.6577 0.6283 0.6715 0.6247 0.6845 0.6175 0.6958 0.6071 0.7049 0.5944 0.7109 0.5801 0.7135 0.5653 0.7125
0 0.6183 0.7597 0.6061 0.7671 0.5926 0.7713 0.5788 0.772 0.5656 0.7692 0.5538 0.763 0.5444 0.754 0.5379 0.7426 0.5348 0.7298 0.5353 0.7163 0.5393 0.703 0.5466 0.691 0.5567 0.6809 0.5689 0.6735 0.5824 0.6694 0.5962 0.6686 0.6094 0.6715 0.6212 0.6776 0.6306 0.6866 0.6371 0.698 0.6402 0.7109 0.6397 0.7244 0.6357 0.7376 0.6284 0.7497
0 0.5571 0.2743 0.5509 0.2789 0.5434 0.2815 0.5352 0.282 0.5268 0.2803 0.5188 0.2766 0.5118 0.271 0.5062 0.264 0.5025 0.256 0.5008 0.2477 0.5013 0.2394 0.5039 0.232 0.5085 0.2257 0.5148 0.2211 0.5223 0.2185 0.5305 0.218 0.5388 0.2197 0.5468 0.2234 0.5538 0.229 0.5594 0.236 0.5631 0.244 0.5648 0.2523 0.5644 0.2606 0.5617 0.268
0 0.0774 0.8229 0.0718 0.805 0.0706 0.7866 0.0739 0.7689 0.0814 0.753 0.0926 0.7402 0.1067 0.7312 0.1228 0.7267 0.1399 0.727 0.1566 0.732 0.172 0.7415 0.1849 0.7547 0.1945 0.7708 0.2 0.7887 0.2012 0.8071 0.198 0.8249 0.1905 0.8407 0.1793 0.8536 0.1652 0.8625 0.149 0.867 0.132 0.8668 0.1152 0.8617 0.0999 0.8523 0.087 0.839
0 0.5519 0.3676 0.5447 0.3765 0.5358 0.3834 0.5258 0.3877 0.5152 0.3894 0.5049 0.3881 0.4956 0.384 0.4878 0.3774 0.4821 0.3687 0.4789 0.3585 0.4785 0.3475 0.4808 0.3365 0.4856 0.3262 0.4928 0.3173 0.5017 0.3104 0.5117 0.306 0.5223 0.3044 0.5326 0.3057 0.5419 0.3098 0.5497 0.3164 0.5554 0.3251 0.5586 0.3353 0.559 0.3463 0.5567 0.3573
