0 0.3463 0.1275 0.3392 0.1375 0.3299 0.1454 0.319 0.1506 0.3072 0.1527 0.2953 0.1517 0.2842 0.1476 0.2746 0.1407 0.2672 0.1315 0.2624 0.1205 0.2606 0.1085 0.2619 0.0964 0.2662 0.085 0.2733 0.075 0.2826 0.0671 0.2935 0.0619 0.3053 0.0598 0.3172 0.0608 0.3283 0.0649 0.3379 0.0718 0.3453 0.081 0.3501 0.092 0.3519 0.104 0.3506 0.1161
0 0.7176 0.8906 0.7142 0.8751 0.7147 0.8593 0.7192 0.8442 0.7275 0.8309 0.7389 0.8203 0.7526 0.813 0.7677 0.8097 0.7833 0.8106 0.7982 0.8155 0.8113 0.8241 0.8219 0.8359 0.8292 0.85 0.8327 0.8655 0.8322 0.8814 0.8276 0.8964 0.8194 0.9097 0.808 0.9204 0.7943 0.9276 0.7791 0.9309 0.7636 0.9301 0.7487 0.9252 0.7355 0.9165 0.7249 0.9047
0 0.5764 0.5323 0.5649 0.522 0.5563 0.5093 0.5512 0.4951 0.55 0.4804 0.5527 0.4662 0.5592 0.4534 0.569 0.443 0.5814 0.4356 0.5956 0.4317 0.6107 0.4317 0.6255 0.4354 0.6392 0.4427 0.6507 0.453 0.6593 0.4657 0.6644 0.4799 0.6656 0.4946 0.6629 0.5088 0.6564 0.5216 0.6467 0.532 0.6342 0.5394 0.62 0.5433 0.605 0.5433 0.5901 0.5396
0 0.6811 0.627 0.67 0.6294 0.6585 0.6287 0.6475 0.6251 0.6378 0.6186 0.6299 0.6098 0.6245 0.5993 0.6219 0.5878 0.6223 0.576 0.6256 0.5648 0.6316 0.555 0.64 0.5471 0.6501 0.5418 0.6613 0.5394 0.6728 0.54 0.6837 0.5437 0.6935 0.5501 0.7013 0.5589 0.7067 0.5694 0.7093 0.5809 0.709 0.5927 0.7057 0.6039 0.6996 0.6138 0.6912 0.6216
0 0.1907 0.7904 0.1918 0.7749 0.1965 0.7603 0.2045 0.7476 0.2153 0.7376 0.2282 0.731 0.2422 0.7282 0.2564 0.7295 0.2699 0.7347 0.2817 0.7435 0.2911 0.7554 0.2973 0.7694 0.2999 0.7846 0.2989 0.8001 0.2942 0.8147 0.2861 0.8274 0.2753 0.8374 0.2624 0.844 0.2484 0.8468 0.2342 0.8455 0.2207 0.8403 0.2089 0.8315 0.1996 0.8196 0.1934 0.8056
0 0.8673 0.2538 0.8571 0.2597 0.8455 0.2626 0.8333 0.2623 0.8215 0.2589 0.8107 0.2525 0.8018 0.2435 0.7953 0.2327 0.7917 0.2207 0.7912 0.2084 0.7938 0.1965 0.7995 0.186 0.8077 0.1775 0.8179 0.1715 0.8295 0.1686 0.8417 0.1689 0.8535 0.1724 0.8643 0.1788 0.8732 0.1877 0.8797 0.1986 0.8833 0.2105 0.8838 0.2229 0.8812 0.2347 0.8755 0.2453
0 0.8416 0.4301 0.8309 0.4359 0.819 0.4388 0.8067 0.4385 0.795 0.435 0.7846 0.4286 0.7761 0.4197 0.7703 0.409 0.7674 0.3971 0.7678 0.3849 0.7712 0.3731 0.7776 0.3627 0.7865 0.3543 0.7973 0.3484 0.8092 0.3456 0.8214 0.3459 0.8331 0.3494 0.8436 0.3558 0.852 0.3646 0.8578 0.3754 0.8607 0.3873 0.8604 0.3995 0.8569 0.4113 0.8505 0.4217
0 0.4301 0.1918 0.4155 0.1801 0.4042 0.1655 0.397 0.149 0.3943 0.1317 0.3964 0.1148 0.4031 0.0994 0.414 0.0866 0.4282 0.0774 0.445 0.0722 0.463 0.0714 0.4811 0.0752 0.498 0.0832 0.5126 0.0949 0.5239 0.1095 0.5312 0.126 0.5338 0.1433 0.5317 0.1602 0.525 0.1756 0.5142 0.1884 0.4999 0.1976 0.4832 0.2028 0.4651 0.2036 0.447 0.1998
0 0.6627 0.8471 0.6488 0.8479 0.635 0.8446 0.6222 0.8375 0.6113 0.8269 0.6031 0.8136 0.598 0.7985 0.5965 0.7827 0.5987 0.7673 0.6043 0.7532 0.613 0.7414 0.6243 0.7328 0.6373 0.7279 0.6512 0.7271 0.665 0.7304 0.6778 0.7375 0.6887 0.7481 0.6969 0.7614 0.702 0.7765 0.7035 0.7923 0.7013 0.8077 0.6957 0.8218 0.687 0.8336 0.6757 0.8422
0 0.7276 0.5592 0.7113 0.5583 0.6959 0.5535 0.6823 0.545 0.6715 0.5334 0.6643 0.5195 0.6611 0.5044 0.6621 0.4889 0.6674 0.4742 0.6764 0.4612 0.6887 0.4509 0.7033 0.4439 0.7193 0.4408 0.7356 0.4417 0.751 0.4465 0.7646 0.455 0.7754 0.4666 0.7826 0.4805 0.7858 0.4956 0.7847 0.5111 0.7795 0.5258 0.7705 0.5388 0.7582 0.5491 0.7436 0.5561
0 0.298 0.3598 0.2881 0.3469 0.2818 0.3318 0.2797 0.3156 0.2818 0.2994 0.2881 0.2844 0.298 0.2714 0.3109 0.2615 0.326 0.2553 0.3422 0.2531 0.3584 0.2553 0.3734 0.2615 0.3864 0.2714 0.3963 0.2844 0.4026 0.2994 0.4047 0.3156 0.4026 0.3318 0.3963 0.3469 0.3864 0.3598 0.3734 0.3698 0.3584 0.376 0.3422 0.3781 0.326 0.376 0.3109 0.3698
0 0.564 0.6624 0.55 0.6743 0.5338 0.6823 0.5164 0.686 0.4991 0.6851 0.483 0.6797 0.4692 0.6702 0.4587 0.6571 0.4522 0.6414 0.4501 0.6242 0.4526 0.6066 0.4595 0.5899 0.4703 0.5751 0.4843 0.5632 0.5006 0.5552 0.518 0.5515 0.5353 0.5524 0.5514 0.5578 0.5651 0.5673 0.5756 0.5804 0.5821 0.5961 0.5842 0.6133 0.5817 0.6309 0.5749 0.6476
0 0.8143 0.1359 0.8007 0.1333 0.7882 0.1272 0.7777 0.1179 0.7698 0.1061 0.7652 0.0927 0.7641 0.0785 0.7667 0.0644 0.7727 0.0515 0.7817 0.0407 0.7931 0.0326 0.8062 0.0278 0.82 0.0266 0.8337 0.0292 0.8462 0.0353 0.8567 0.0446 0.8646 0.0564 0.8692 0.0698 0.8702 0.084 0.8677 0.0981 0.8617 0.111 0.8527 0.1218 0.8412 0.1299 0.8282 0.1347
0 0.5565 0.7281 0.5417 0.7254 0.528 0.7192 0.5165 0.7099 0.5079 0.6981 0.5029 0.6846 0.5016 0.6704 0.5043 0.6564 0.5108 0.6435 0.5206 0.6327 0.533 0.6246 0.5472 0.6199 0.5622 0.6188 0.5771 0.6215 0.5907 0.6277 0.6022 0.637 0.6108 0.6488 0.6159 0.6622 0.6171 0.6765 0.6144 0.6905 0.6079 0.7034 0.5982 0.7142 0.5858 0.7222 0.5716 0.727
0 0.8391 0.6896 0.8276 0.6804 0.8191 0.668 0.8142 0.6531 0.8133 0.6369 0.8163 0.6204 0.8232 0.6047 0.8333 0.5909 0.8461 0.58 0.8606 0.5727 0.8759 0.5695 0.891 0.5706 0.9047 0.576 0.9162 0.5852 0.9246 0.5977 0.9295 0.6125 0.9305 0.6288 0.9274 0.6453 0.9206 0.6609 0.9104 0.6747 0.8977 0.6856 0.8831 0.6929 0.8678 0.6961 0.8528 0.695
