0 0.6738 0.154 0.6633 0.1602 0.6517 0.1636 0.6399 0.1641 0.6287 0.1616 0.6188 0.1563 0.611 0.1485 0.6057 0.1388 0.6033 0.1279 0.604 0.1164 0.6077 0.1052 0.6142 0.0951 0.623 0.0866 0.6336 0.0805 0.6452 0.077 0.657 0.0765 0.6682 0.079 0.678 0.0843 0.6859 0.0921 0.6912 0.1018 0.6936 0.1127 0.6929 0.1242 0.6891 0.1354 0.6827 0.1456
0 0.8533 0.4717 0.8358 0.4705 0.8192 0.4646 0.8045 0.4545 0.7928 0.4407 0.785 0.4242 0.7814 0.4062 0.7824 0.3879 0.7879 0.3706 0.7976 0.3553 0.8107 0.3432 0.8264 0.335 0.8435 0.3314 0.861 0.3326 0.8777 0.3385 0.8924 0.3487 0.904 0.3624 0.9119 0.3789 0.9155 0.3969 0.9144 0.4152 0.9089 0.4326 0.8993 0.4478 0.8862 0.46 0.8705 0.4681
0 0.18 0.1593 0.1683 0.1511 0.1592 0.14 0.1532 0.1267 0.1509 0.1121 0.1524 0.0972 0.1575 0.083 0.166 0.0705 0.1772 0.0606 0.1904 0.0538 0.2046 0.0508 0.219 0.0516 0.2325 0.0563 0.2442 0.0645 0.2533 0.0756 0.2593 0.0889 0.2616 0.1036 0.2601 0.1185 0.255 0.1326 0.2465 0.1451 0.2353 0.1551 0.2221 0.1618 0.2079 0.1648 0.1935 0.164
0 0.1838 0.6016 0.1801 0.6141 0.1729 0.6253 0.1626 0.6343 0.1499 0.6405 0.1358 0.6436 0.1212 0.6433 0.107 0.6396 0.0942 0.6327 0.0838 0.6232 0.0764 0.6117 0.0725 0.599 0.0724 0.5859 0.0761 0.5734 0.0834 0.5622 0.0937 0.5532 0.1063 0.547 0.1204 0.5439 0.1351 0.5442 0.1493 0.5479 0.162 0.5548 0.1724 0.5643 0.1798 0.5758 0.1837 0.5885
0 0.627 0.7789 0.6211 0.7646 0.6188 0.7495 0.6202 0.7346 0.6253 0.721 0.6336 0.7096 0.6447 0.7012 0.6577 0.6963 0.6717 0.6953 0.6859 0.6982 0.6993 0.7049 0.7109 0.7148 0.7199 0.7274 0.7258 0.7417 0.7281 0.7568 0.7266 0.7716 0.7216 0.7852 0.7133 0.7966 0.7022 0.8051 0.6892 0.81 0.6751 0.811 0.6609 0.8081 0.6476 0.8014 0.636 0.7914
0 0.4047 0.4116 0.3974 0.4007 0.3934 0.3881 0.3929 0.3746 0.396 0.3611 0.4025 0.3486 0.4119 0.3378 0.4235 0.3296 0.4367 0.3245 0.4504 0.3229 0.4638 0.3247 0.4759 0.33 0.486 0.3384 0.4932 0.3493 0.4972 0.3619 0.4977 0.3754 0.4946 0.3889 0.4881 0.4014 0.4788 0.4122 0.4671 0.4204 0.454 0.4255 0.4402 0.4271 0.4268 0.4253 0.4147 0.42
0 0.4514 0.7365 0.4365 0.7274 0.4243 0.7148 0.4158 0.6996 0.4116 0.6829 0.4119 0.6657 0.4167 0.6492 0.4257 0.6346 0.4383 0.6229 0.4536 0.6148 0.4706 0.611 0.488 0.6116 0.5048 0.6166 0.5198 0.6257 0.5319 0.6383 0.5404 0.6535 0.5446 0.6703 0.5443 0.6874 0.5395 0.7039 0.5305 0.7185 0.5179 0.7302 0.5027 0.7383 0.4857 0.7421 0.4682 0.7415
0 0.6542 0.3904 0.6461 0.3842 0.6398 0.3764 0.6357 0.3675 0.634 0.3582 0.635 0.3491 0.6384 0.3408 0.6441 0.3339 0.6517 0.3288 0.6607 0.3259 0.6705 0.3254 0.6803 0.3273 0.6896 0.3315 0.6976 0.3377 0.7039 0.3455 0.7081 0.3543 0.7097 0.3636 0.7088 0.3727 0.7054 0.3811 0.6996 0.388 0.692 0.3931 0.683 0.396 0.6733 0.3965 0.6634 0.3946
0 0.7231 0.4129 0.721 0.4025 0.7221 0.3917 0.7262 0.3812 0.7331 0.3718 0.7424 0.3642 0.7533 0.3587 0.7652 0.3559 0.7772 0.3558 0.7885 0.3585 0.7984 0.3639 0.8061 0.3715 0.8112 0.3808 0.8133 0.3913 0.8123 0.4021 0.8082 0.4125 0.8012 0.4219 0.792 0.4296 0.7811 0.4351 0.7692 0.4379 0.7572 0.438 0.7459 0.4352 0.736 0.4298 0.7282 0.4222
0 0.7979 0.3292 0.7831 0.332 0.7677 0.3303 0.753 0.3244 0.7399 0.3145 0.7293 0.3014 0.7219 0.286 0.7182 0.2693 0.7185 0.2525 0.7228 0.2366 0.7307 0.2229 0.7418 0.2121 0.7552 0.2051 0.7701 0.2024 0.7854 0.204 0.8001 0.21 0.8132 0.2199 0.8238 0.2329 0.8312 0.2484 0.8349 0.2651 0.8346 0.2819 0.8303 0.2978 0.8224 0.3115 0.8113 0.3223
0 0.5134 0.7852 0.5112 0.7715 0.5128 0.7576 0.5182 0.7445 0.5268 0.733 0.5383 0.7239 0.5517 0.7179 0.5661 0.7154 0.5806 0.7165 0.5942 0.7212 0.606 0.7291 0.6151 0.7397 0.621 0.7523 0.6232 0.766 0.6215 0.7799 0.6162 0.793 0.6075 0.8045 0.5961 0.8136 0.5827 0.8196 0.5683 0.8221 0.5537 0.821 0.5401 0.8163 0.5284 0.8084 0.5192 0.7978
0 0.5564 0.3355 0.5515 0.3275 0.549 0.3182 0.5492 0.3084 0.5519 0.2986 0.5571 0.2895 0.5644 0.2818 0.5732 0.276 0.5831 0.2725 0.5932 0.2714 0.6029 0.273 0.6116 0.277 0.6186 0.2833 0.6235 0.2913 0.626 0.3005 0.6258 0.3104 0.6231 0.3202 0.6179 0.3292 0.6106 0.3369 0.6018 0.3427 0.5919 0.3463 0.5818 0.3473 0.5721 0.3458 0.5634 0.3417
0 0.4243 0.2472 0.4125 0.2486 0.4009 0.2472 0.3902 0.2429 0.3811 0.2362 0.3742 0.2274 0.3701 0.2172 0.369 0.2062 0.3709 0.1953 0.3758 0.1851 0.3832 0.1763 0.3928 0.1695 0.4039 0.1653 0.4156 0.1639 0.4272 0.1653 0.4379 0.1696 0.447 0.1763 0.4539 0.1851 0.458 0.1953 0.4592 0.2063 0.4572 0.2172 0.4524 0.2274 0.4449 0.2362 0.4353 0.243
0 0.6804 0.2473 0.6691 0.251 0.657 0.2513 0.6448 0.248 0.6333 0.2415 0.6235 0.2321 0.6159 0.2206 0.611 0.2076 0.6092 0.1941 0.6106 0.1811 0.6152 0.1693 0.6225 0.1596 0.6321 0.1527 0.6434 0.149 0.6555 0.1487 0.6677 0.152 0.6792 0.1585 0.689 0.1679 0.6966 0.1794 0.7015 0.1924 0.7033 0.2059 0.7019 0.2189 0.6973 0.2307 0.69 0.2404
