0 0.8612 0.2277 0.8524 0.2205 0.8457 0.2112 0.8417 0.2005 0.8407 0.1891 0.8425 0.1778 0.8473 0.1674 0.8545 0.1586 0.8638 0.152 0.8745 0.148 0.8859 0.1469 0.8972 0.1488 0.9076 0.1535 0.9164 0.1608 0.923 0.1701 0.927 0.1808 0.9281 0.1922 0.9262 0.2034 0.9215 0.2138 0.9142 0.2226 0.9049 0.2293 0.8942 0.2333 0.8828 0.2343 0.8716 0.2325
0 0.4547 0.7562 0.4473 0.7526 0.4412 0.7468 0.4367 0.7392 0.4343 0.7303 0.4339 0.7208 0.4357 0.7112 0.4396 0.7022 0.4452 0.6945 0.4522 0.6885 0.4602 0.6847 0.4685 0.6833 0.4766 0.6845 0.484 0.688 0.4901 0.6938 0.4945 0.7014 0.497 0.7103 0.4973 0.7199 0.4955 0.7294 0.4917 0.7384 0.486 0.7462 0.479 0.7521 0.4711 0.7559 0.4628 0.7573
0 0.4415 0.9138 0.4321 0.9271 0.4198 0.9377 0.4054 0.9447 0.3899 0.9477 0.3743 0.9465 0.3597 0.9411 0.3472 0.932 0.3374 0.9198 0.3312 0.9052 0.329 0.8894 0.3308 0.8733 0.3366 0.8581 0.346 0.8447 0.3583 0.8342 0.3727 0.8272 0.3883 0.8242 0.4038 0.8254 0.4184 0.8308 0.431 0.8398 0.4407 0.8521 0.4469 0.8666 0.4491 0.8825 0.4473 0.8986
0 0.1695 0.3353 0.1606 0.3323 0.1528 0.3268 0.1465 0.3192 0.1424 0.3099 0.1406 0.2996 0.1412 0.2891 0.1442 0.2789 0.1494 0.2699 0.1565 0.2626 0.165 0.2575 0.1742 0.2551 0.1836 0.2553 0.1925 0.2583 0.2004 0.2638 0.2066 0.2714 0.2107 0.2807 0.2126 0.291 0.212 0.3016 0.2089 0.3117 0.2037 0.3207 0.1966 0.328 0.1881 0.3331 0.1789 0.3356
0 0.5074 0.2856 0.4944 0.2968 0.4792 0.3044 0.4627 0.3078 0.4461 0.3069 0.4305 0.3017 0.417 0.2925 0.4065 0.28 0.3997 0.2651 0.397 0.2487 0.3988 0.2319 0.4047 0.216 0.4145 0.2019 0.4274 0.1907 0.4427 0.1831 0.4591 0.1797 0.4757 0.1806 0.4913 0.1858 0.5048 0.195 0.5154 0.2075 0.5222 0.2224 0.5248 0.2388 0.5231 0.2556 0.5172 0.2715
0 0.1349 0.5258 0.1257 0.5406 0.1133 0.5527 0.0987 0.5613 0.0827 0.5656 0.0666 0.5655 0.0513 0.5609 0.038 0.5522 0.0275 0.5399 0.0206 0.5248 0.0177 0.5081 0.019 0.4909 0.0245 0.4742 0.0337 0.4594 0.0461 0.4473 0.0607 0.4387 0.0767 0.4344 0.0928 0.4345 0.1081 0.4391 0.1214 0.4478 0.1319 0.4601 0.1388 0.4752 0.1417 0.4919 0.1404 0.5091
0 0.8937 0.4683 0.8793 0.4599 0.8676 0.4479 0.8594 0.4334 0.8552 0.4172 0.8553 0.4005 0.8598 0.3843 0.8683 0.3699 0.8802 0.3582 0.8948 0.35 0.9109 0.3458 0.9277 0.3459 0.9438 0.3504 0.9582 0.3589 0.9699 0.3708 0.9781 0.3854 0.9823 0.4016 0.9822 0.4183 0.9777 0.4344 0.9692 0.4488 0.9573 0.4605 0.9427 0.4688 0.9266 0.473 0.9098 0.4728
0 0.4119 0.5217 0.3967 0.5189 0.3828 0.5126 0.3711 0.5033 0.3625 0.4917 0.3575 0.4785 0.3564 0.4646 0.3594 0.451 0.3662 0.4387 0.3764 0.4283 0.3892 0.4208 0.4039 0.4165 0.4193 0.4158 0.4345 0.4186 0.4484 0.4249 0.4601 0.4342 0.4688 0.4458 0.4738 0.459 0.4749 0.4729 0.4719 0.4865 0.4651 0.4988 0.4549 0.5092 0.442 0.5167 0.4274 0.521
0 0.3854 0.7601 0.3712 0.764 0.3562 0.7637 0.3415 0.7591 0.3279 0.7506 0.3165 0.7388 0.308 0.7244 0.303 0.7085 0.3018 0.6921 0.3046 0.6764 0.3111 0.6623 0.3209 0.651 0.3333 0.643 0.3475 0.6391 0.3625 0.6394 0.3773 0.644 0.3908 0.6525 0.4023 0.6643 0.4108 0.6787 0.4158 0.6946 0.4169 0.711 0.4141 0.7268 0.4076 0.7408 0.3978 0.7522
0 0.0883 0.6463 0.0828 0.6408 0.0791 0.6336 0.0775 0.6254 0.078 0.6166 0.0807 0.6079 0.0854 0.5997 0.0916 0.5928 0.0991 0.5875 0.1073 0.5843 0.1157 0.5833 0.1236 0.5846 0.1305 0.5881 0.136 0.5936 0.1397 0.6007 0.1413 0.609 0.1407 0.6178 0.138 0.6265 0.1334 0.6346 0.1271 0.6416 0.1196 0.6468 0.1114 0.6501 0.1031 0.6511 0.0952 0.6498
0 0.557 0.4832 0.5398 0.4905 0.5214 0.4934 0.5032 0.4916 0.4863 0.4852 0.472 0.4748 0.4612 0.4609 0.4546 0.4447 0.4527 0.427 0.4557 0.4093 0.4632 0.3926 0.4749 0.3781 0.4898 0.3668 0.5071 0.3595 0.5255 0.3566 0.5437 0.3584 0.5605 0.3648 0.5749 0.3752 0.5857 0.3891 0.5923 0.4053 0.5941 0.423 0.5912 0.4407 0.5837 0.4574 0.572 0.4719
0 0.7584 0.5418 0.7525 0.5539 0.7441 0.5642 0.7335 0.5718 0.7217 0.5764 0.7093 0.5776 0.6973 0.5753 0.6864 0.5697 0.6774 0.5612 0.6709 0.5502 0.6673 0.5377 0.6669 0.5244 0.6697 0.5113 0.6756 0.4992 0.6841 0.489 0.6946 0.4813 0.7064 0.4767 0.7188 0.4755 0.7308 0.4778 0.7417 0.4834 0.7508 0.492 0.7573 0.5029 0.7608 0.5154 0.7612 0.5287
0 0.502 0.8327 0.4949 0.8405 0.4859 0.8462 0.4758 0.8494 0.4652 0.8498 0.4549 0.8476 0.4454 0.8427 0.4376 0.8355 0.4319 0.8265 0.4287 0.8164 0.4283 0.8058 0.4306 0.7955 0.4355 0.7861 0.4426 0.7783 0.4516 0.7726 0.4617 0.7694 0.4723 0.7689 0.4826 0.7712 0.4921 0.7761 0.4999 0.7833 0.5056 0.7922 0.5088 0.8023 0.5092 0.8129 0.5069 0.8233
