0 0.8906 0.1798 0.8818 0.1685 0.8763 0.1554 0.8742 0.1414 0.8759 0.1275 0.8811 0.1146 0.8895 0.1035 0.9005 0.0951 0.9134 0.0899 0.9273 0.0883 0.9413 0.0903 0.9544 0.0959 0.9657 0.1046 0.9744 0.1159 0.98 0.129 0.982 0.143 0.9804 0.1569 0.9752 0.1698 0.9668 0.1809 0.9558 0.1893 0.9428 0.1945 0.9289 0.1961 0.9149 0.1941 0.9018 0.1885
0 0.4109 0.5062 0.3988 0.5044 0.3875 0.4991 0.3778 0.4907 0.3703 0.4797 0.3657 0.4669 0.3641 0.4531 0.3657 0.4394 0.3703 0.4266 0.3778 0.4156 0.3875 0.4071 0.3988 0.4018 0.4109 0.4 0.4231 0.4018 0.4344 0.4071 0.4441 0.4156 0.4515 0.4266 0.4562 0.4394 0.4578 0.4531 0.4562 0.4669 0.4515 0.4797 0.4441 0.4907 0.4344 0.4991 0.4231 0.5044
0 0.3073 0.1785 0.2988 0.1849 0.2892 0.189 0.279 0.1906 0.269 0.1895 0.2598 0.1858 0.252 0.1798 0.2463 0.1718 0.2429 0.1625 0.2422 0.1524 0.2441 0.1423 0.2485 0.1328 0.2552 0.1246 0.2637 0.1182 0.2733 0.1141 0.2835 0.1125 0.2935 0.1136 0.3027 0.1173 0.3105 0.1233 0.3162 0.1313 0.3196 0.1406 0.3203 0.1507 0.3184 0.1608 0.314 0.1703
0 0.4469 0.6484 0.4482 0.6391 0.4521 0.6305 0.4583 0.623 0.4664 0.6173 0.4758 0.6137 0.4859 0.6125 0.496 0.6137 0.5055 0.6173 0.5136 0.623 0.5198 0.6305 0.5237 0.6391 0.525 0.6484 0.5237 0.6577 0.5198 0.6664 0.5136 0.6738 0.5055 0.6796 0.496 0.6832 0.4859 0.6844 0.4758 0.6832 0.4664 0.6796 0.4583 0.6738 0.4521 0.6664 0.4482 0.6577
0 0.1742 0.8071 0.1652 0.8006 0.1584 0.7915 0.1542 0.7805 0.153 0.7682 0.1547 0.7555 0.1593 0.7433 0.1664 0.7325 0.1757 0.7236 0.1863 0.7175 0.1977 0.7143 0.2091 0.7145 0.2196 0.7179 0.2285 0.7244 0.2353 0.7335 0.2395 0.7445 0.2408 0.7568 0.2391 0.7695 0.2345 0.7817 0.2273 0.7925 0.2181 0.8014 0.2074 0.8075 0.196 0.8107 0.1847 0.8105
0 0.1949 0.4176 0.183 0.4293 0.1688 0.4377 0.1533 0.4422 0.1375 0.4426 0.1227 0.4388 0.1097 0.431 0.0994 0.4199 0.0926 0.4062 0.0897 0.3907 0.0909 0.3746 0.0962 0.359 0.1051 0.3449 0.117 0.3332 0.1312 0.3248 0.1467 0.3203 0.1625 0.3199 0.1773 0.3237 0.1903 0.3315 0.2006 0.3426 0.2074 0.3563 0.2103 0.3718 0.2091 0.3879 0.2038 0.4035
0 0.8726 0.8896 0.8586 0.8831 0.8466 0.8736 0.8375 0.8618 0.832 0.8484 0.8303 0.8344 0.8326 0.8207 0.8388 0.8083 0.8484 0.7979 0.8607 0.7904 0.875 0.7861 0.8903 0.7855 0.9055 0.7885 0.9195 0.795 0.9315 0.8045 0.9406 0.8163 0.9462 0.8297 0.9479 0.8437 0.9455 0.8574 0.9394 0.8699 0.9298 0.8802 0.9174 0.8878 0.9031 0.892 0.8878 0.8926
0 0.5452 0.9533 0.5349 0.9467 0.5267 0.9375 0.5211 0.9264 0.5186 0.9142 0.5193 0.9016 0.5231 0.8896 0.5299 0.8789 0.5391 0.8703 0.5501 0.8643 0.5621 0.8615 0.5744 0.8618 0.5861 0.8655 0.5964 0.8721 0.6046 0.8813 0.6101 0.8923 0.6127 0.9046 0.612 0.9171 0.6081 0.9292 0.6014 0.9399 0.5922 0.9485 0.5812 0.9544 0.5691 0.9573 0.5568 0.9569
0 0.599 0.6298 0.5917 0.6363 0.5831 0.6408 0.5737 0.6429 0.5641 0.6425 0.5551 0.6397 0.5473 0.6346 0.5411 0.6275 0.537 0.619 0.5353 0.6096 0.5361 0.6 0.5393 0.5908 0.5448 0.5827 0.552 0.5762 0.5607 0.5717 0.5701 0.5696 0.5796 0.57 0.5886 0.5728 0.5965 0.5779 0.6027 0.585 0.6067 0.5935 0.6084 0.6029 0.6077 0.6125 0.6044 0.6217
0 0.8449 0.722 0.8442 0.7101 0.8472 0.6983 0.8535 0.6874 0.8627 0.6781 0.8743 0.671 0.8875 0.6666 0.9012 0.6653 0.9147 0.667 0.927 0.6718 0.9372 0.6792 0.9446 0.6888 0.9488 0.6999 0.9495 0.7117 0.9466 0.7235 0.9403 0.7345 0.931 0.7438 0.9194 0.7509 0.9063 0.7553 0.8925 0.7566 0.8791 0.7548 0.8668 0.7501 0.8566 0.7427 0.8491 0.7331
0 0.3436 0.7513 0.3326 0.751 0.322 0.7477 0.3126 0.7417 0.305 0.7334 0.2997 0.7233 0.2971 0.7122 0.2974 0.7008 0.3004 0.6899 0.3062 0.6802 0.3141 0.6723 0.3238 0.6669 0.3345 0.6643 0.3455 0.6646 0.3561 0.6679 0.3655 0.6739 0.3731 0.6822 0.3784 0.6923 0.381 0.7034 0.3808 0.7148 0.3777 0.7257 0.372 0.7355 0.364 0.7433 0.3543 0.7487
