0 0.3937 0.7907 0.3814 0.7951 0.3683 0.7961 0.3552 0.7935 0.343 0.7875 0.3326 0.7786 0.3246 0.7672 0.3197 0.7543 0.318 0.7406 0.3199 0.7272 0.3251 0.7149 0.3332 0.7045 0.3438 0.6968 0.3561 0.6924 0.3692 0.6914 0.3823 0.694 0.3945 0.7 0.4049 0.7089 0.4129 0.7203 0.4178 0.7332 0.4195 0.7469 0.4176 0.7603 0.4124 0.7726 0.4043 0.783
0 0.8316 0.6265 0.8224 0.6298 0.8125 0.6305 0.8026 0.6284 0.7934 0.6238 0.7855 0.6169 0.7794 0.6082 0.7756 0.5983 0.7743 0.5879 0.7756 0.5777 0.7794 0.5684 0.7855 0.5605 0.7934 0.5548 0.8026 0.5514 0.8125 0.5508 0.8224 0.5528 0.8316 0.5574 0.8395 0.5643 0.8456 0.573 0.8494 0.5829 0.8507 0.5933 0.8494 0.6035 0.8456 0.6129 0.8395 0.6207
0 0.2629 0.2641 0.2453 0.2736 0.2262 0.2785 0.207 0.2787 0.1888 0.274 0.1731 0.2648 0.1607 0.2517 0.1527 0.2357 0.1494 0.2177 0.1512 0.199 0.1579 0.181 0.1691 0.1648 0.184 0.1515 0.2016 0.142 0.2206 0.1371 0.2399 0.1369 0.258 0.1416 0.2738 0.1508 0.2862 0.1639 0.2942 0.18 0.2975 0.1979 0.2957 0.2166 0.2889 0.2346 0.2778 0.2508
0 0.4371 0.707 0.4298 0.7005 0.4246 0.6919 0.4218 0.6818 0.4218 0.671 0.4244 0.6601 0.4295 0.6499 0.4367 0.6411 0.4456 0.6343 0.4555 0.6299 0.4658 0.6283 0.4758 0.6296 0.4848 0.6336 0.4921 0.6402 0.4973 0.6487 0.5 0.6588 0.5001 0.6697 0.4975 0.6805 0.4924 0.6907 0.4851 0.6995 0.4763 0.7063 0.4663 0.7107 0.456 0.7123 0.4461 0.711
0 0.5956 0.3395 0.5873 0.3361 0.5802 0.3305 0.5747 0.323 0.5713 0.3141 0.5701 0.3045 0.5713 0.2948 0.5748 0.2857 0.5803 0.2777 0.5875 0.2715 0.5959 0.2675 0.6048 0.2658 0.6138 0.2667 0.6221 0.2701 0.6292 0.2758 0.6347 0.2833 0.6381 0.2921 0.6393 0.3017 0.638 0.3114 0.6346 0.3206 0.629 0.3285 0.6219 0.3347 0.6135 0.3388 0.6046 0.3404
0 0.2544 0.2089 0.2422 0.2056 0.2313 0.1993 0.2224 0.1906 0.2161 0.1799 0.2129 0.168 0.213 0.1558 0.2163 0.144 0.2227 0.1335 0.2316 0.1249 0.2426 0.1189 0.2548 0.1159 0.2675 0.1161 0.2797 0.1194 0.2906 0.1257 0.2995 0.1344 0.3057 0.1451 0.309 0.157 0.3089 0.1692 0.3056 0.181 0.2992 0.1915 0.2902 0.2001 0.2793 0.2061 0.2671 0.2091
0 0.3893 0.9511 0.3728 0.9572 0.3552 0.9586 0.3376 0.9553 0.3214 0.9474 0.3075 0.9356 0.2969 0.9206 0.2904 0.9035 0.2884 0.8853 0.291 0.8675 0.298 0.8511 0.309 0.8373 0.3232 0.827 0.3397 0.8209 0.3573 0.8195 0.3749 0.8229 0.3911 0.8307 0.405 0.8425 0.4156 0.8575 0.4221 0.8747 0.4241 0.8928 0.4215 0.9107 0.4145 0.9271 0.4035 0.9409
0 0.1799 0.2439 0.1766 0.2352 0.1758 0.2257 0.1776 0.2162 0.1819 0.2072 0.1884 0.1995 0.1966 0.1936 0.2061 0.1897 0.2161 0.1883 0.2259 0.1894 0.2349 0.1929 0.2426 0.1986 0.2482 0.2061 0.2516 0.2148 0.2524 0.2243 0.2505 0.2338 0.2462 0.2428 0.2397 0.2505 0.2315 0.2564 0.222 0.2603 0.2121 0.2617 0.2022 0.2606 0.1932 0.2571 0.1856 0.2514
0 0.4843 0.73 0.478 0.739 0.4696 0.7461 0.4598 0.7508 0.4492 0.7527 0.4386 0.7519 0.4286 0.7482 0.42 0.742 0.4134 0.7337 0.4091 0.7238 0.4075 0.713 0.4087 0.7022 0.4126 0.6919 0.4189 0.6829 0.4273 0.6758 0.4371 0.6711 0.4477 0.6691 0.4583 0.67 0.4682 0.6737 0.4769 0.6799 0.4835 0.6882 0.4878 0.6981 0.4894 0.7088 0.4882 0.7197
0 0.6012 0.9455 0.5923 0.9323 0.5874 0.9169 0.5867 0.9006 0.5903 0.8843 0.598 0.8692 0.6092 0.8563 0.6232 0.8465 0.6391 0.8404 0.6557 0.8385 0.6718 0.8409 0.6866 0.8474 0.6988 0.8577 0.7077 0.8709 0.7126 0.8862 0.7133 0.9025 0.7097 0.9188 0.702 0.9339 0.6908 0.9468 0.6768 0.9567 0.6609 0.9627 0.6443 0.9646 0.6282 0.9622 0.6134 0.9557
0 0.8404 0.8608 0.8252 0.8579 0.8112 0.8507 0.7995 0.8399 0.7907 0.8262 0.7856 0.8104 0.7845 0.7938 0.7873 0.7773 0.7941 0.7622 0.8042 0.7494 0.817 0.7399 0.8316 0.7343 0.8471 0.7329 0.8623 0.7359 0.8763 0.743 0.888 0.7538 0.8968 0.7676 0.9019 0.7833 0.903 0.8 0.9002 0.8164 0.8934 0.8316 0.8833 0.8443 0.8705 0.8538 0.8559 0.8595
0 0.7299 0.7193 0.7162 0.7129 0.7046 0.7027 0.696 0.6891 0.6911 0.6732 0.69 0.656 0.6929 0.6388 0.6996 0.6226 0.7096 0.6086 0.7222 0.5978 0.7367 0.5908 0.7519 0.5882 0.767 0.5901 0.7807 0.5964 0.7923 0.6067 0.8008 0.6203 0.8058 0.6362 0.8069 0.6534 0.804 0.6706 0.7973 0.6868 0.7873 0.7008 0.7746 0.7116 0.7602 0.7186 0.7449 0.7212
0 0.8739 0.8481 0.8647 0.8437 0.8569 0.8371 0.8511 0.8287 0.8477 0.8191 0.8469 0.8089 0.8488 0.7989 0.8532 0.7897 0.8598 0.7819 0.8682 0.7761 0.8778 0.7727 0.888 0.7719 0.898 0.7738 0.9072 0.7782 0.915 0.7848 0.9207 0.7932 0.9241 0.8028 0.9249 0.813 0.9231 0.823 0.9187 0.8322 0.9121 0.84 0.9037 0.8457 0.8941 0.8491 0.8839 0.8499
0 0.1127 0.5484 0.1065 0.5307 0.1047 0.5123 0.1073 0.4945 0.1142 0.4784 0.125 0.4652 0.1388 0.4557 0.1548 0.4506 0.1718 0.4503 0.1887 0.4548 0.2044 0.4637 0.2178 0.4765 0.2279 0.4922 0.2341 0.5099 0.2359 0.5283 0.2333 0.5461 0.2264 0.5622 0.2156 0.5754 0.2018 0.5849 0.1858 0.59 0.1688 0.5903 0.1519 0.5858 0.1362 0.5769 0.1229 0.5642
0 0.7075 0.8732 0.6989 0.8679 0.6918 0.8605 0.687 0.8515 0.6846 0.8416 0.6849 0.8314 0.6878 0.8216 0.6931 0.8129 0.7005 0.8059 0.7094 0.801 0.7194 0.7987 0.7295 0.7989 0.7393 0.8018 0.748 0.8071 0.755 0.8145 0.7599 0.8235 0.7623 0.8334 0.762 0.8436 0.7591 0.8534 0.7538 0.8621 0.7464 0.8691 0.7374 0.874 0.7275 0.8763 0.7173 0.8761
0 0.9504 0.5365 0.9422 0.5521 0.9301 0.5649 0.9148 0.5741 0.8975 0.5792 0.8793 0.5797 0.8614 0.5756 0.8451 0.5673 0.8314 0.5552 0.8214 0.5401 0.8157 0.5232 0.8146 0.5056 0.8183 0.4885 0.8265 0.4729 0.8386 0.4601 0.8539 0.4509 0.8712 0.4458 0.8895 0.4453 0.9074 0.4494 0.9237 0.4577 0.9373 0.4698 0.9473 0.4849 0.9531 0.5018 0.9541 0.5194
0 0.0615 0.3795 0.0509 0.379 0.0408 0.3757 0.0318 0.3697 0.0246 0.3616 0.0197 0.3518 0.0173 0.341 0.0178 0.33 0.0209 0.3196 0.0266 0.3103 0.0344 0.3029 0.0438 0.2978 0.0541 0.2955 0.0647 0.296 0.0749 0.2993 0.0838 0.3053 0.091 0.3134 0.096 0.3232 0.0983 0.334 0.0979 0.345 0.0947 0.3554 0.089 0.3647 0.0812 0.3721 0.0718 0.3772
0 0.6432 0.3701 0.6422 0.3547 0.645 0.3395 0.6514 0.3258 0.661 0.3143 0.6732 0.3059 0.6871 0.3011 0.7018 0.3003 0.7162 0.3035 0.7295 0.3106 0.7406 0.3209 0.7488 0.3339 0.7537 0.3486 0.7547 0.3641 0.7519 0.3792 0.7455 0.393 0.7359 0.4045 0.7237 0.4129 0.7098 0.4177 0.6951 0.4185 0.6806 0.4152 0.6674 0.4082 0.6563 0.3978 0.648 0.3848
