0 0.348 0.3231 0.338 0.3249 0.3278 0.3241 0.3182 0.3207 0.3098 0.315 0.3032 0.3072 0.2988 0.298 0.2969 0.288 0.2977 0.2778 0.3011 0.2682 0.3069 0.2598 0.3147 0.2532 0.3239 0.2488 0.3339 0.2469 0.3441 0.2477 0.3537 0.2511 0.3621 0.2569 0.3687 0.2647 0.3731 0.2739 0.3749 0.2839 0.3741 0.2941 0.3707 0.3037 0.365 0.3121 0.3572 0.3187
0 0.7307 0.2029 0.7303 0.1906 0.7336 0.1785 0.7406 0.1672 0.7506 0.1577 0.763 0.1505 0.777 0.1462 0.7916 0.145 0.8058 0.147 0.8187 0.1521 0.8293 0.1599 0.837 0.1699 0.8412 0.1815 0.8416 0.1937 0.8382 0.2059 0.8313 0.2171 0.8213 0.2267 0.8089 0.2339 0.7949 0.2382 0.7803 0.2394 0.7661 0.2374 0.7532 0.2323 0.7426 0.2245 0.7349 0.2145
0 0.4894 0.2443 0.4792 0.2448 0.469 0.2422 0.4596 0.2366 0.4515 0.2284 0.4453 0.2181 0.4415 0.2066 0.4403 0.1944 0.4417 0.1825 0.4458 0.1718 0.4521 0.1628 0.4604 0.1563 0.4699 0.1526 0.4802 0.152 0.4904 0.1547 0.4998 0.1603 0.5079 0.1685 0.5141 0.1787 0.5179 0.1903 0.5191 0.2025 0.5177 0.2143 0.5136 0.2251 0.5072 0.2341 0.499 0.2406
0 0.4106 0.5164 0.3999 0.5264 0.387 0.5332 0.3728 0.5366 0.3584 0.5361 0.3447 0.532 0.3326 0.5243 0.323 0.5138 0.3165 0.501 0.3136 0.4869 0.3144 0.4724 0.3189 0.4584 0.3269 0.4461 0.3376 0.4361 0.3505 0.4293 0.3647 0.4259 0.3791 0.4264 0.3928 0.4305 0.4049 0.4382 0.4145 0.4487 0.421 0.4615 0.4239 0.4756 0.4231 0.4901 0.4186 0.5041
0 0.1828 0.6574 0.1803 0.6731 0.1735 0.6877 0.1628 0.7001 0.1491 0.7096 0.1331 0.7154 0.1161 0.7172 0.0992 0.7148 0.0835 0.7084 0.07 0.6985 0.0598 0.6857 0.0535 0.6709 0.0516 0.6551 0.0541 0.6394 0.0609 0.6248 0.0715 0.6124 0.0853 0.6029 0.1012 0.5971 0.1183 0.5953 0.1352 0.5977 0.1509 0.6041 0.1643 0.614 0.1745 0.6268 0.1808 0.6416
0 0.3832 0.2816 0.369 0.2867 0.3536 0.2876 0.3383 0.2842 0.324 0.2768 0.3116 0.2659 0.3021 0.2521 0.296 0.2366 0.2939 0.2202 0.2958 0.2042 0.3016 0.1896 0.3109 0.1774 0.323 0.1684 0.3373 0.1633 0.3526 0.1624 0.368 0.1658 0.3823 0.1732 0.3946 0.1841 0.4042 0.1979 0.4102 0.2134 0.4124 0.2298 0.4105 0.2458 0.4047 0.2604 0.3954 0.2726
0 0.4907 0.4405 0.4807 0.4518 0.4684 0.4602 0.4549 0.4653 0.4408 0.4667 0.4273 0.4643 0.4153 0.4583 0.4055 0.449 0.3986 0.4372 0.3951 0.4235 0.3953 0.409 0.3991 0.3946 0.4062 0.3814 0.4162 0.3701 0.4284 0.3616 0.442 0.3565 0.456 0.3551 0.4695 0.3575 0.4816 0.3636 0.4914 0.3728 0.4983 0.3847 0.5018 0.3984 0.5016 0.4129 0.4978 0.4272
0 0.5352 0.1764 0.5297 0.1703 0.5261 0.1628 0.5246 0.1543 0.5255 0.1454 0.5285 0.1367 0.5335 0.1288 0.5402 0.1222 0.5481 0.1174 0.5566 0.1148 0.5653 0.1144 0.5734 0.1164 0.5804 0.1205 0.5859 0.1266 0.5895 0.1341 0.591 0.1426 0.5902 0.1515 0.5871 0.1602 0.5821 0.1681 0.5754 0.1747 0.5675 0.1794 0.559 0.1821 0.5504 0.1825 0.5423 0.1805
0 0.6922 0.0921 0.6845 0.1027 0.6742 0.1109 0.6619 0.116 0.6484 0.1179 0.6348 0.1163 0.6218 0.1113 0.6105 0.1034 0.6015 0.0929 0.5955 0.0808 0.593 0.0677 0.5939 0.0545 0.5984 0.0422 0.6061 0.0317 0.6164 0.0235 0.6287 0.0183 0.6422 0.0165 0.6558 0.0181 0.6688 0.023 0.6801 0.031 0.6891 0.0414 0.6951 0.0536 0.6977 0.0667 0.6967 0.0799
0 0.2399 0.9809 0.2311 0.9765 0.2237 0.9702 0.2182 0.9623 0.215 0.9533 0.2143 0.9439 0.2161 0.9347 0.2203 0.9263 0.2267 0.9193 0.2348 0.9142 0.244 0.9113 0.2537 0.9109 0.2633 0.9129 0.272 0.9172 0.2794 0.9236 0.2849 0.9315 0.2881 0.9405 0.2888 0.9499 0.287 0.9591 0.2828 0.9675 0.2764 0.9744 0.2684 0.9795 0.2592 0.9824 0.2494 0.9829
0 0.3828 0.6015 0.3697 0.6107 0.3546 0.616 0.3384 0.6172 0.3223 0.6141 0.3073 0.607 0.2945 0.5962 0.2847 0.5827 0.2786 0.5673 0.2767 0.5509 0.2789 0.5349 0.2853 0.5202 0.2954 0.5078 0.3084 0.4987 0.3235 0.4933 0.3397 0.4922 0.3558 0.4953 0.3708 0.5024 0.3836 0.5131 0.3934 0.5267 0.3995 0.5421 0.4015 0.5584 0.3992 0.5745 0.3928 0.5892
0 0.7036 0.3717 0.6942 0.3807 0.683 0.3872 0.6707 0.3905 0.6582 0.3906 0.6462 0.3874 0.6357 0.381 0.6274 0.3721 0.6217 0.3611 0.6192 0.3488 0.6199 0.3361 0.6239 0.3238 0.6308 0.3127 0.6401 0.3036 0.6514 0.2972 0.6637 0.2939 0.6762 0.2938 0.6882 0.297 0.6987 0.3033 0.707 0.3123 0.7127 0.3233 0.7152 0.3356 0.7145 0.3483 0.7105 0.3606
0 0.6244 0.4235 0.6167 0.4302 0.6075 0.4347 0.5973 0.4366 0.5869 0.4357 0.5769 0.4322 0.5681 0.4264 0.5611 0.4185 0.5562 0.4091 0.5539 0.3989 0.5544 0.3885 0.5575 0.3788 0.5631 0.3702 0.5708 0.3635 0.58 0.3591 0.5902 0.3572 0.6006 0.358 0.6106 0.3615 0.6194 0.3674 0.6264 0.3753 0.6313 0.3847 0.6336 0.3949 0.6331 0.4052 0.63 0.415
0 0.3681 0.9578 0.3565 0.9557 0.3458 0.9509 0.3368 0.9437 0.33 0.9346 0.326 0.9242 0.3251 0.9133 0.3272 0.9024 0.3322 0.8925 0.3399 0.8842 0.3496 0.878 0.3607 0.8743 0.3725 0.8735 0.3842 0.8755 0.3948 0.8803 0.4039 0.8875 0.4106 0.8966 0.4146 0.907 0.4156 0.918 0.4134 0.9288 0.4084 0.9387 0.4007 0.9471 0.391 0.9533 0.3799 0.9569
0 0.6709 0.2312 0.6639 0.2412 0.6541 0.249 0.6424 0.2539 0.6295 0.2557 0.6163 0.2542 0.6037 0.2496 0.5926 0.2421 0.5836 0.2323 0.5775 0.2208 0.5746 0.2084 0.5751 0.196 0.5791 0.1844 0.5861 0.1744 0.5959 0.1667 0.6076 0.1617 0.6205 0.1599 0.6337 0.1614 0.6463 0.166 0.6574 0.1735 0.6664 0.1833 0.6725 0.1948 0.6754 0.2072 0.6749 0.2196
0 0.5426 0.4331 0.5425 0.4208 0.5456 0.409 0.5516 0.3984 0.5602 0.3896 0.5707 0.3834 0.5825 0.3801 0.5948 0.38 0.6066 0.3831 0.6173 0.3891 0.626 0.3977 0.6322 0.4082 0.6355 0.42 0.6356 0.4323 0.6325 0.4441 0.6265 0.4548 0.6179 0.4635 0.6074 0.4697 0.5956 0.473 0.5833 0.4731 0.5715 0.47 0.5609 0.464 0.5521 0.4554 0.5459 0.4449
0 0.5887 0.848 0.5736 0.8477 0.559 0.8434 0.5459 0.8353 0.5353 0.8238 0.5277 0.81 0.5239 0.7945 0.5239 0.7787 0.5278 0.7634 0.5354 0.7497 0.5461 0.7386 0.5592 0.7309 0.5738 0.727 0.5889 0.7273 0.6035 0.7316 0.6166 0.7397 0.6272 0.7512 0.6348 0.765 0.6386 0.7805 0.6386 0.7963 0.6347 0.8116 0.6271 0.8253 0.6164 0.8364 0.6033 0.8441
