0 0.585 0.3919 0.5733 0.3976 0.5604 0.3999 0.5474 0.3989 0.5351 0.3946 0.5244 0.3872 0.5159 0.3772 0.5103 0.3655 0.5079 0.3526 0.5089 0.3396 0.5133 0.3273 0.5207 0.3165 0.5306 0.3081 0.5424 0.3024 0.5552 0.3001 0.5682 0.3011 0.5805 0.3054 0.5913 0.3128 0.5997 0.3228 0.6054 0.3345 0.6077 0.3474 0.6067 0.3604 0.6024 0.3727 0.595 0.3835
0 0.7583 0.7641 0.7418 0.7617 0.7265 0.7555 0.7134 0.7459 0.7034 0.7334 0.6972 0.719 0.6953 0.7036 0.6978 0.6882 0.7044 0.674 0.7148 0.6619 0.7282 0.6527 0.7438 0.6471 0.7604 0.6453 0.777 0.6476 0.7923 0.6538 0.8054 0.6635 0.8154 0.676 0.8215 0.6904 0.8234 0.7058 0.821 0.7211 0.8143 0.7353 0.8039 0.7475 0.7905 0.7567 0.775 0.7623
0 0.7262 0.645 0.7194 0.6353 0.7152 0.6243 0.7141 0.6125 0.716 0.6008 0.7209 0.5901 0.7285 0.5809 0.7381 0.5741 0.7492 0.5699 0.761 0.5688 0.7726 0.5707 0.7834 0.5756 0.7925 0.5832 0.7994 0.5928 0.8035 0.6039 0.8047 0.6156 0.8027 0.6273 0.7978 0.6381 0.7903 0.6472 0.7806 0.6541 0.7696 0.6582 0.7578 0.6593 0.7461 0.6574 0.7354 0.6525
0 0.6465 0.5759 0.6311 0.5833 0.6145 0.5867 0.5977 0.5858 0.5819 0.5806 0.5681 0.5715 0.5575 0.5592 0.5505 0.5444 0.5478 0.5282 0.5495 0.5116 0.5555 0.4959 0.5654 0.4821 0.5785 0.471 0.5939 0.4636 0.6105 0.4602 0.6273 0.4611 0.6431 0.4663 0.6569 0.4753 0.6675 0.4877 0.6745 0.5025 0.6772 0.5187 0.6755 0.5352 0.6695 0.551 0.6596 0.5648
0 0.065 0.6727 0.0514 0.6686 0.0392 0.6616 0.0294 0.652 0.0226 0.6406 0.0192 0.6282 0.0196 0.6155 0.0236 0.6035 0.031 0.5929 0.0413 0.5846 0.0538 0.5789 0.0676 0.5765 0.0818 0.5773 0.0955 0.5814 0.1077 0.5884 0.1175 0.598 0.1243 0.6094 0.1276 0.6218 0.1273 0.6345 0.1233 0.6465 0.1159 0.6571 0.1056 0.6654 0.0931 0.6711 0.0793 0.6735
0 0.5323 0.4832 0.5146 0.4877 0.4964 0.4878 0.4792 0.4835 0.464 0.4752 0.4519 0.4633 0.4437 0.4486 0.44 0.4323 0.441 0.4154 0.4467 0.399 0.4567 0.3842 0.4702 0.3722 0.4864 0.3636 0.5042 0.3591 0.5223 0.359 0.5396 0.3633 0.5547 0.3717 0.5668 0.3836 0.575 0.3982 0.5787 0.4146 0.5777 0.4315 0.572 0.4479 0.5621 0.4626 0.5485 0.4747
0 0.4404 0.7362 0.4364 0.7264 0.4348 0.7161 0.4357 0.7059 0.4391 0.6967 0.4447 0.6889 0.4522 0.6832 0.461 0.6799 0.4705 0.6793 0.4802 0.6813 0.4892 0.6859 0.4971 0.6927 0.5033 0.7013 0.5073 0.7111 0.5089 0.7214 0.508 0.7316 0.5046 0.7408 0.499 0.7486 0.4916 0.7543 0.4828 0.7576 0.4732 0.7582 0.4636 0.7562 0.4545 0.7516 0.4466 0.7448
0 0.4549 0.7235 0.4396 0.7311 0.4232 0.7349 0.4068 0.7346 0.3915 0.7302 0.3784 0.7221 0.3684 0.7107 0.3621 0.697 0.36 0.6817 0.3623 0.666 0.3687 0.6509 0.3788 0.6374 0.392 0.6265 0.4073 0.6189 0.4237 0.6151 0.4401 0.6154 0.4554 0.6198 0.4685 0.6279 0.4785 0.6393 0.4847 0.653 0.4868 0.6683 0.4846 0.684 0.4782 0.6991 0.4681 0.7126
0 0.8298 0.7766 0.8235 0.7895 0.8136 0.8001 0.8009 0.8079 0.7862 0.8123 0.7706 0.8129 0.755 0.8098 0.7406 0.8032 0.7283 0.7934 0.7189 0.7813 0.7132 0.7675 0.7115 0.7531 0.7139 0.739 0.7203 0.7262 0.7301 0.7155 0.7428 0.7077 0.7575 0.7034 0.7732 0.7027 0.7888 0.7058 0.8032 0.7124 0.8155 0.7222 0.8248 0.7344 0.8305 0.7481 0.8322 0.7625
0 0.8964 0.8927 0.8932 0.9033 0.887 0.9127 0.8782 0.9202 0.8673 0.9255 0.8552 0.928 0.8426 0.9277 0.8304 0.9245 0.8194 0.9187 0.8104 0.9107 0.804 0.901 0.8006 0.8902 0.8005 0.8792 0.8036 0.8686 0.8098 0.8592 0.8187 0.8516 0.8295 0.8464 0.8417 0.8438 0.8543 0.8442 0.8665 0.8473 0.8775 0.8531 0.8865 0.8612 0.8929 0.8709 0.8963 0.8816
0 0.8027 0.7044 0.7973 0.7168 0.7883 0.7273 0.7764 0.7351 0.7624 0.7399 0.7473 0.7411 0.732 0.7389 0.7176 0.7332 0.7051 0.7245 0.6953 0.7134 0.689 0.7007 0.6865 0.6871 0.688 0.6737 0.6934 0.6613 0.7023 0.6509 0.7142 0.643 0.7282 0.6382 0.7434 0.637 0.7587 0.6393 0.773 0.6449 0.7855 0.6536 0.7953 0.6647 0.8017 0.6775 0.8042 0.691
0 0.7421 0.323 0.7289 0.3128 0.7186 0.2999 0.712 0.2851 0.7094 0.2696 0.7111 0.2544 0.717 0.2404 0.7265 0.2287 0.7392 0.2201 0.7541 0.2151 0.7702 0.214 0.7864 0.217 0.8017 0.2239 0.8148 0.2341 0.8251 0.247 0.8318 0.2617 0.8343 0.2772 0.8326 0.2925 0.8268 0.3064 0.8172 0.3181 0.8045 0.3268 0.7896 0.3318 0.7735 0.3329 0.7573 0.3298
0 0.4144 0.3993 0.4011 0.3912 0.3906 0.3795 0.3834 0.3648 0.3802 0.3483 0.381 0.3311 0.386 0.3143 0.3946 0.2991 0.4064 0.2865 0.4205 0.2774 0.436 0.2723 0.4518 0.2718 0.4669 0.2757 0.4801 0.2838 0.4907 0.2955 0.4978 0.3102 0.5011 0.3267 0.5002 0.3439 0.4953 0.3607 0.4866 0.3759 0.4748 0.3885 0.4607 0.3976 0.4452 0.4027 0.4294 0.4032
0 0.5605 0.3563 0.5518 0.3503 0.545 0.3421 0.5405 0.3323 0.5388 0.3216 0.5398 0.3107 0.5435 0.3003 0.5497 0.2912 0.5579 0.284 0.5676 0.2791 0.5782 0.277 0.5888 0.2777 0.5988 0.2812 0.6076 0.2872 0.6144 0.2954 0.6188 0.3052 0.6206 0.3159 0.6196 0.3268 0.6159 0.3372 0.6097 0.3463 0.6015 0.3535 0.5917 0.3584 0.5812 0.3605 0.5706 0.3598
0 0.8016 0.2765 0.8028 0.2603 0.808 0.2449 0.8167 0.2315 0.8285 0.2209 0.8424 0.214 0.8577 0.211 0.8731 0.2123 0.8878 0.2178 0.9006 0.2271 0.9107 0.2395 0.9174 0.2543 0.9202 0.2703 0.9191 0.2866 0.9139 0.302 0.9052 0.3154 0.8934 0.3259 0.8794 0.3329 0.8642 0.3359 0.8488 0.3345 0.8341 0.329 0.8213 0.3198 0.8112 0.3073 0.8045 0.2926
0 0.6272 0.9762 0.6089 0.9719 0.5924 0.9633 0.5787 0.9508 0.5689 0.9355 0.5635 0.9183 0.5629 0.9003 0.5672 0.8829 0.5761 0.8671 0.5889 0.8542 0.6049 0.8448 0.6228 0.8398 0.6416 0.8394 0.6598 0.8437 0.6763 0.8524 0.69 0.8648 0.6999 0.8801 0.7053 0.8974 0.7059 0.9153 0.7016 0.9328 0.6927 0.9485 0.6798 0.9615 0.6639 0.9708 0.6459 0.9758
0 0.1356 0.6303 0.1267 0.6246 0.1196 0.6163 0.115 0.6061 0.113 0.5946 0.1139 0.5826 0.1176 0.571 0.1238 0.5605 0.1321 0.5518 0.1419 0.5455 0.1526 0.5422 0.1635 0.5419 0.1738 0.5447 0.1827 0.5504 0.1898 0.5587 0.1944 0.5689 0.1964 0.5804 0.1955 0.5924 0.1918 0.604 0.1856 0.6145 0.1773 0.6232 0.1674 0.6295 0.1567 0.6328 0.1459 0.6331
