0 0.7582 0.4839 0.7481 0.494 0.736 0.5013 0.7228 0.5054 0.7093 0.5058 0.6964 0.5027 0.6851 0.4962 0.676 0.4868 0.6699 0.4751 0.6671 0.4618 0.6678 0.448 0.672 0.4345 0.6793 0.4223 0.6894 0.4122 0.7015 0.4049 0.7147 0.4009 0.7282 0.4004 0.7411 0.4035 0.7524 0.41 0.7615 0.4195 0.7676 0.4312 0.7704 0.4444 0.7697 0.4582 0.7655 0.4717
0 0.1914 0.1243 0.1778 0.1203 0.1656 0.1128 0.1558 0.1025 0.1489 0.0899 0.1456 0.076 0.146 0.0618 0.15 0.0481 0.1575 0.0359 0.1679 0.0261 0.1804 0.0193 0.1943 0.0159 0.2086 0.0163 0.2222 0.0204 0.2344 0.0278 0.2442 0.0382 0.2511 0.0507 0.2544 0.0646 0.254 0.0789 0.25 0.0926 0.2425 0.1047 0.2321 0.1146 0.2196 0.1214 0.2057 0.1247
0 0.8498 0.6669 0.8395 0.6727 0.8281 0.6757 0.8166 0.6758 0.8057 0.6729 0.796 0.6674 0.7883 0.6594 0.7832 0.6497 0.7809 0.6388 0.7815 0.6275 0.7852 0.6166 0.7916 0.6067 0.8002 0.5987 0.8105 0.593 0.8219 0.5899 0.8334 0.5898 0.8443 0.5927 0.854 0.5983 0.8617 0.6062 0.8668 0.6159 0.8691 0.6268 0.8685 0.6381 0.8648 0.6491 0.8584 0.6589
0 0.2061 0.9452 0.1938 0.9388 0.1836 0.9296 0.1761 0.9185 0.1718 0.9061 0.171 0.8933 0.1738 0.881 0.18 0.8699 0.1892 0.8609 0.2006 0.8546 0.2137 0.8513 0.2274 0.8514 0.2408 0.8548 0.253 0.8612 0.2633 0.8704 0.2708 0.8815 0.2751 0.8939 0.2758 0.9067 0.273 0.919 0.2669 0.9301 0.2577 0.9391 0.2462 0.9454 0.2332 0.9487 0.2195 0.9486
0 0.1682 0.5578 0.1608 0.5406 0.1578 0.5223 0.1594 0.5042 0.1655 0.4875 0.1756 0.4734 0.1891 0.4628 0.205 0.4564 0.2223 0.4547 0.2398 0.4578 0.2562 0.4655 0.2706 0.4772 0.2818 0.4922 0.2892 0.5094 0.2922 0.5277 0.2906 0.5458 0.2845 0.5625 0.2744 0.5766 0.2609 0.5872 0.245 0.5936 0.2277 0.5953 0.2102 0.5922 0.1938 0.5845 0.1794 0.5728
0 0.9379 0.9507 0.9294 0.9617 0.918 0.97 0.9044 0.9751 0.8896 0.9765 0.8745 0.9742 0.8602 0.9683 0.8476 0.9593 0.8377 0.9477 0.831 0.9344 0.8281 0.9202 0.8291 0.9061 0.834 0.8931 0.8424 0.882 0.8538 0.8737 0.8674 0.8687 0.8823 0.8672 0.8974 0.8695 0.9117 0.8754 0.9243 0.8844 0.9342 0.896 0.9409 0.9094 0.9438 0.9236 0.9428 0.9377
0 0.0376 0.5234 0.0343 0.512 0.0343 0.4999 0.0378 0.4879 0.0444 0.4769 0.0538 0.4675 0.0652 0.4605 0.078 0.4563 0.0912 0.4551 0.1039 0.4571 0.1153 0.4622 0.1246 0.4699 0.1311 0.4798 0.1345 0.4911 0.1344 0.5032 0.131 0.5152 0.1243 0.5262 0.115 0.5356 0.1035 0.5426 0.0908 0.5469 0.0776 0.548 0.0649 0.546 0.0535 0.541 0.0442 0.5332
0 0.8484 0.3481 0.8457 0.3382 0.8456 0.3281 0.8482 0.3182 0.8532 0.3093 0.8603 0.302 0.8691 0.2969 0.8789 0.2941 0.8891 0.294 0.899 0.2966 0.9079 0.3016 0.9152 0.3088 0.9203 0.3175 0.9231 0.3274 0.9231 0.3376 0.9206 0.3474 0.9156 0.3563 0.9084 0.3636 0.8996 0.3688 0.8898 0.3715 0.8796 0.3716 0.8697 0.369 0.8609 0.364 0.8536 0.3569
0 0.7723 0.9554 0.7646 0.957 0.7567 0.9563 0.7489 0.9531 0.7418 0.9479 0.7359 0.9408 0.7317 0.9325 0.7293 0.9235 0.7289 0.9143 0.7307 0.9057 0.7344 0.8981 0.7398 0.8922 0.7465 0.8883 0.7541 0.8867 0.7621 0.8875 0.7699 0.8906 0.7769 0.8959 0.7828 0.9029 0.7871 0.9112 0.7895 0.9203 0.7898 0.9294 0.7881 0.9381 0.7844 0.9456 0.779 0.9515
0 0.0508 0.6858 0.0428 0.6725 0.039 0.657 0.0396 0.6404 0.0447 0.6238 0.0539 0.6084 0.0665 0.5951 0.0818 0.585 0.0986 0.5786 0.1158 0.5765 0.1323 0.5787 0.1468 0.5852 0.1585 0.5954 0.1666 0.6087 0.1704 0.6242 0.1698 0.6408 0.1647 0.6574 0.1555 0.6729 0.1429 0.6861 0.1276 0.6963 0.1108 0.7026 0.0936 0.7047 0.0771 0.7025 0.0625 0.6961
