0 0.1371 0.6108 0.1339 0.623 0.1279 0.6339 0.1196 0.6429 0.1096 0.6493 0.0985 0.6526 0.087 0.6527 0.076 0.6494 0.0662 0.6432 0.0583 0.6343 0.0529 0.6234 0.0502 0.6112 0.0504 0.5986 0.0536 0.5864 0.0596 0.5754 0.0679 0.5665 0.0779 0.5601 0.089 0.5568 0.1005 0.5567 0.1115 0.5599 0.1213 0.5662 0.1292 0.5751 0.1346 0.586 0.1373 0.5982
0 0.5787 0.1708 0.5697 0.1771 0.5594 0.1809 0.5486 0.1819 0.538 0.1802 0.5283 0.1757 0.5202 0.1689 0.5142 0.1601 0.5108 0.15 0.5102 0.1392 0.5123 0.1286 0.5172 0.1188 0.5244 0.1104 0.5334 0.1042 0.5437 0.1004 0.5545 0.0993 0.5651 0.1011 0.5748 0.1055 0.5829 0.1124 0.5889 0.1212 0.5923 0.1313 0.593 0.142 0.5908 0.1527 0.5859 0.1625
0 0.3741 0.5441 0.3735 0.5311 0.376 0.5184 0.3815 0.5069 0.3897 0.4974 0.4 0.4905 0.4116 0.4867 0.4239 0.4863 0.4359 0.4892 0.4468 0.4954 0.4559 0.5043 0.4627 0.5153 0.4665 0.5278 0.4671 0.5408 0.4646 0.5535 0.4591 0.565 0.4509 0.5745 0.4406 0.5814 0.429 0.5852 0.4168 0.5856 0.4048 0.5827 0.3938 0.5765 0.3847 0.5676 0.378 0.5565
0 0.8339 0.9485 0.8308 0.9591 0.8252 0.9685 0.8175 0.9761 0.8081 0.9815 0.7978 0.9841 0.7872 0.9839 0.777 0.9808 0.768 0.9751 0.7607 0.9672 0.7557 0.9575 0.7533 0.9468 0.7536 0.9358 0.7567 0.9253 0.7623 0.9158 0.77 0.9082 0.7794 0.9029 0.7897 0.9003 0.8003 0.9005 0.8105 0.9036 0.8195 0.9093 0.8268 0.9172 0.8318 0.9269 0.8342 0.9375
0 0.1862 0.4399 0.1702 0.4425 0.1541 0.4411 0.1391 0.4359 0.1263 0.4271 0.1164 0.4154 0.1102 0.4016 0.1082 0.3866 0.1103 0.3715 0.1166 0.3573 0.1265 0.3449 0.1394 0.3352 0.1544 0.3288 0.1705 0.3262 0.1866 0.3276 0.2015 0.3329 0.2144 0.3417 0.2242 0.3534 0.2304 0.3671 0.2325 0.3821 0.2303 0.3972 0.2241 0.4115 0.2142 0.4239 0.2013 0.4336
0 0.5431 0.7961 0.5321 0.8005 0.5204 0.8019 0.5088 0.8004 0.4982 0.796 0.4891 0.7889 0.4822 0.7798 0.4781 0.7691 0.4769 0.7577 0.4789 0.7463 0.4837 0.7357 0.4911 0.7265 0.5007 0.7195 0.5116 0.7152 0.5233 0.7137 0.5349 0.7152 0.5456 0.7197 0.5547 0.7267 0.5615 0.7358 0.5656 0.7465 0.5668 0.7579 0.5649 0.7693 0.5601 0.78 0.5526 0.7891
0 0.5058 0.2149 0.505 0.2043 0.5072 0.1937 0.5123 0.1839 0.52 0.1755 0.5297 0.1691 0.5409 0.1651 0.5526 0.1638 0.5642 0.1653 0.5748 0.1695 0.5837 0.1761 0.5903 0.1846 0.5942 0.1945 0.595 0.2051 0.5928 0.2157 0.5877 0.2255 0.58 0.2339 0.5703 0.2403 0.5591 0.2443 0.5474 0.2456 0.5358 0.2441 0.5252 0.2399 0.5163 0.2333 0.5097 0.2248
0 0.244 0.8485 0.2267 0.8513 0.2091 0.8493 0.1925 0.8427 0.1781 0.8319 0.1667 0.8176 0.1592 0.8009 0.1561 0.7828 0.1575 0.7646 0.1635 0.7476 0.1735 0.7328 0.187 0.7214 0.2029 0.714 0.2202 0.7112 0.2378 0.7132 0.2543 0.7198 0.2688 0.7306 0.2802 0.7449 0.2877 0.7616 0.2908 0.7797 0.2894 0.7979 0.2834 0.8149 0.2734 0.8297 0.2599 0.8411
0 0.6831 0.7037 0.6773 0.6979 0.6735 0.6905 0.6717 0.682 0.6723 0.6731 0.675 0.6643 0.6797 0.6562 0.6862 0.6494 0.6939 0.6444 0.7023 0.6414 0.7109 0.6407 0.7191 0.6424 0.7263 0.6463 0.732 0.6521 0.7359 0.6595 0.7376 0.668 0.7371 0.6769 0.7344 0.6857 0.7296 0.6938 0.7232 0.7006 0.7155 0.7056 0.707 0.7086 0.6984 0.7093 0.6903 0.7076
0 0.682 0.8337 0.6673 0.8341 0.6531 0.8309 0.6402 0.8241 0.6296 0.8143 0.622 0.8022 0.6179 0.7885 0.6176 0.7742 0.621 0.7603 0.6281 0.7477 0.6382 0.7373 0.6508 0.7298 0.6649 0.7257 0.6796 0.7252 0.6938 0.7285 0.7067 0.7353 0.7173 0.7451 0.7249 0.7572 0.729 0.7709 0.7293 0.7852 0.7258 0.7991 0.7188 0.8117 0.7086 0.8221 0.6961 0.8296
0 0.589 0.342 0.5749 0.3532 0.5586 0.3605 0.541 0.3633 0.5234 0.3615 0.507 0.3552 0.4929 0.3448 0.482 0.331 0.4751 0.3148 0.4727 0.2973 0.4749 0.2796 0.4816 0.263 0.4923 0.2486 0.5063 0.2374 0.5226 0.2302 0.5402 0.2273 0.5578 0.2291 0.5742 0.2355 0.5884 0.2459 0.5993 0.2596 0.6061 0.2758 0.6086 0.2933 0.6064 0.311 0.5997 0.3276
0 0.425 0.4471 0.4159 0.4497 0.4066 0.4497 0.3975 0.4474 0.3893 0.4428 0.3826 0.4362 0.3779 0.4281 0.3753 0.4191 0.3753 0.4097 0.3776 0.4006 0.3822 0.3924 0.3888 0.3857 0.3969 0.381 0.4059 0.3785 0.4153 0.3784 0.4244 0.3807 0.4326 0.3854 0.4393 0.3919 0.444 0.4 0.4465 0.4091 0.4466 0.4184 0.4443 0.4275 0.4396 0.4357 0.4331 0.4424
