0 0.4862 0.239 0.4735 0.2434 0.4602 0.2447 0.4474 0.2426 0.4358 0.2375 0.4262 0.2296 0.4193 0.2195 0.4155 0.2078 0.4152 0.1954 0.4183 0.1831 0.4247 0.1717 0.4338 0.162 0.4451 0.1547 0.4578 0.1503 0.471 0.1491 0.4839 0.1511 0.4955 0.1562 0.5051 0.1641 0.512 0.1743 0.5157 0.1859 0.516 0.1984 0.5129 0.2107 0.5066 0.2221 0.4975 0.2317
0 0.4921 0.5007 0.4768 0.4941 0.4637 0.4838 0.4536 0.4706 0.4474 0.4554 0.4454 0.4391 0.4478 0.423 0.4544 0.408 0.4647 0.3953 0.478 0.3857 0.4935 0.3798 0.5101 0.378 0.5266 0.3805 0.542 0.3872 0.5551 0.3974 0.5651 0.4106 0.5713 0.4259 0.5733 0.4421 0.571 0.4583 0.5644 0.4732 0.5541 0.486 0.5407 0.4956 0.5252 0.5015 0.5087 0.5032
0 0.2695 0.7138 0.2578 0.7187 0.2453 0.7203 0.2328 0.7187 0.2211 0.7138 0.2111 0.7061 0.2034 0.6961 0.1985 0.6844 0.1969 0.6719 0.1985 0.6593 0.2034 0.6477 0.2111 0.6376 0.2211 0.6299 0.2328 0.6251 0.2453 0.6234 0.2578 0.6251 0.2695 0.6299 0.2796 0.6376 0.2873 0.6477 0.2921 0.6593 0.2938 0.6719 0.2921 0.6844 0.2873 0.6961 0.2796 0.7061
0 0.5317 0.2119 0.5228 0.2215 0.5119 0.2285 0.4998 0.2325 0.4873 0.2332 0.4752 0.2306 0.4644 0.2248 0.4555 0.2163 0.4493 0.2056 0.4462 0.1935 0.4462 0.1807 0.4495 0.1682 0.4558 0.1568 0.4647 0.1473 0.4756 0.1403 0.4877 0.1363 0.5002 0.1356 0.5123 0.1382 0.5231 0.1439 0.532 0.1524 0.5382 0.1631 0.5413 0.1753 0.5413 0.188 0.538 0.2005
0 0.8334 0.1976 0.8172 0.1908 0.8034 0.1798 0.7928 0.1654 0.7863 0.1486 0.7842 0.1305 0.7867 0.1123 0.7936 0.0953 0.8045 0.0807 0.8185 0.0694 0.8349 0.0622 0.8523 0.0596 0.8698 0.0618 0.8859 0.0686 0.8998 0.0796 0.9103 0.094 0.9169 0.1108 0.919 0.1289 0.9165 0.1471 0.9095 0.1641 0.8987 0.1787 0.8846 0.19 0.8683 0.1972 0.8508 0.1998
0 0.0632 0.8132 0.0612 0.7987 0.0631 0.784 0.069 0.7702 0.0783 0.7582 0.0906 0.7489 0.1048 0.7428 0.1201 0.7404 0.1354 0.7419 0.1497 0.7471 0.162 0.7557 0.1714 0.7671 0.1774 0.7805 0.1795 0.7951 0.1775 0.8097 0.1716 0.8235 0.1623 0.8355 0.1501 0.8449 0.1358 0.8509 0.1205 0.8533 0.1052 0.8519 0.0909 0.8467 0.0786 0.8381 0.0692 0.8267
0 0.861 0.8922 0.8569 0.8819 0.8559 0.8708 0.8579 0.8595 0.863 0.8488 0.8707 0.8395 0.8805 0.8322 0.8917 0.8274 0.9036 0.8254 0.9154 0.8263 0.9262 0.8302 0.9353 0.8367 0.9422 0.8453 0.9462 0.8556 0.9473 0.8667 0.9452 0.878 0.9401 0.8887 0.9324 0.898 0.9227 0.9053 0.9114 0.9101 0.8995 0.9121 0.8878 0.9112 0.877 0.9073 0.8678 0.9008
0 0.2361 0.6188 0.226 0.6145 0.2173 0.608 0.2106 0.5996 0.2064 0.59 0.2049 0.5797 0.2063 0.5696 0.2105 0.5603 0.2171 0.5524 0.2258 0.5465 0.2359 0.5429 0.2468 0.542 0.2576 0.5437 0.2678 0.548 0.2765 0.5545 0.2832 0.5629 0.2874 0.5725 0.2888 0.5828 0.2874 0.5929 0.2833 0.6022 0.2766 0.6101 0.2679 0.616 0.2578 0.6196 0.247 0.6205
0 0.5151 0.8453 0.509 0.8554 0.5007 0.8637 0.4908 0.8695 0.4799 0.8726 0.4687 0.8726 0.4581 0.8695 0.4488 0.8637 0.4413 0.8554 0.4363 0.8453 0.434 0.834 0.4346 0.8223 0.438 0.811 0.4441 0.8008 0.4524 0.7926 0.4623 0.7867 0.4733 0.7837 0.4844 0.7837 0.495 0.7867 0.5043 0.7926 0.5118 0.8009 0.5168 0.811 0.5192 0.8223 0.5186 0.834
0 0.55 0.4043 0.5486 0.3954 0.5496 0.3864 0.553 0.3779 0.5585 0.3705 0.5658 0.3647 0.5743 0.3609 0.5836 0.3593 0.5929 0.36 0.6016 0.3631 0.6091 0.3682 0.615 0.3751 0.6187 0.3832 0.6202 0.3921 0.6192 0.4011 0.6158 0.4096 0.6103 0.417 0.603 0.4228 0.5944 0.4266 0.5852 0.4282 0.5759 0.4275 0.5672 0.4244 0.5596 0.4193 0.5538 0.4124
0 0.1759 0.3564 0.1755 0.3454 0.1785 0.3344 0.1846 0.3243 0.1935 0.3158 0.2045 0.3093 0.217 0.3055 0.2299 0.3044 0.2426 0.3062 0.254 0.3108 0.2635 0.3179 0.2703 0.3269 0.2741 0.3373 0.2745 0.3484 0.2715 0.3593 0.2654 0.3694 0.2565 0.378 0.2455 0.3844 0.233 0.3883 0.2201 0.3893 0.2074 0.3875 0.196 0.3829 0.1865 0.3758 0.1797 0.3668
0 0.4959 0.2354 0.4822 0.2317 0.4698 0.2248 0.4598 0.2151 0.4526 0.2033 0.449 0.1902 0.449 0.1768 0.4527 0.1638 0.4598 0.1523 0.4699 0.1429 0.4823 0.1363 0.496 0.1331 0.5103 0.1333 0.5241 0.137 0.5364 0.144 0.5465 0.1537 0.5536 0.1654 0.5573 0.1785 0.5573 0.192 0.5536 0.2049 0.5464 0.2165 0.5363 0.2259 0.524 0.2324 0.5102 0.2357
0 0.3079 0.7178 0.3001 0.703 0.2962 0.6868 0.2965 0.6704 0.301 0.6548 0.3094 0.6412 0.3211 0.6303 0.3352 0.6231 0.3509 0.6199 0.3671 0.621 0.3827 0.6263 0.3965 0.6355 0.4077 0.6479 0.4155 0.6626 0.4194 0.6788 0.4191 0.6952 0.4146 0.7108 0.4062 0.7245 0.3946 0.7353 0.3804 0.7425 0.3647 0.7457 0.3485 0.7446 0.333 0.7393 0.3191 0.7302
0 0.6978 0.9154 0.6941 0.9287 0.6873 0.9406 0.678 0.9503 0.6667 0.957 0.6544 0.9605 0.6417 0.9603 0.6296 0.9565 0.6189 0.9495 0.6103 0.9396 0.6044 0.9275 0.6016 0.9141 0.6022 0.9002 0.6059 0.8869 0.6127 0.875 0.622 0.8654 0.6333 0.8586 0.6456 0.8552 0.6583 0.8553 0.6704 0.8591 0.6811 0.8662 0.6897 0.8761 0.6956 0.8881 0.6984 0.9016
0 0.7346 0.3984 0.7269 0.3976 0.7195 0.3946 0.7131 0.3894 0.708 0.3826 0.7046 0.3744 0.7032 0.3656 0.7037 0.3567 0.7062 0.3482 0.7106 0.3409 0.7164 0.3351 0.7234 0.3313 0.731 0.3297 0.7387 0.3305 0.7461 0.3336 0.7525 0.3387 0.7576 0.3456 0.761 0.3537 0.7625 0.3625 0.7619 0.3714 0.7594 0.3799 0.755 0.3872 0.7492 0.393 0.7422 0.3968
