0 0.1428 0.9697 0.1357 0.9602 0.1315 0.949 0.1305 0.9367 0.1327 0.9243 0.138 0.9126 0.1461 0.9023 0.1563 0.8943 0.1681 0.8889 0.1805 0.8867 0.1927 0.8877 0.204 0.8919 0.2135 0.899 0.2206 0.9085 0.2248 0.9198 0.2258 0.932 0.2236 0.9444 0.2182 0.9562 0.2102 0.9664 0.1999 0.9745 0.1882 0.9798 0.1758 0.982 0.1635 0.981 0.1523 0.9768
0 0.8545 0.4627 0.8429 0.4775 0.8282 0.4889 0.8114 0.4962 0.7936 0.4988 0.776 0.4966 0.7599 0.4897 0.7462 0.4787 0.736 0.4642 0.73 0.4472 0.7285 0.429 0.7317 0.4106 0.7393 0.3935 0.7508 0.3788 0.7655 0.3674 0.7823 0.3601 0.8001 0.3575 0.8177 0.3597 0.8339 0.3665 0.8475 0.3776 0.8577 0.3921 0.8638 0.409 0.8653 0.4273 0.8621 0.4456
0 0.5374 0.4611 0.526 0.4727 0.5119 0.481 0.4962 0.4853 0.4799 0.4855 0.4641 0.4814 0.4499 0.4734 0.4382 0.4619 0.43 0.4479 0.4256 0.4321 0.4255 0.4158 0.4296 0.4 0.4376 0.3858 0.449 0.3742 0.4631 0.3659 0.4788 0.3615 0.4951 0.3614 0.5109 0.3655 0.5251 0.3735 0.5368 0.385 0.545 0.399 0.5494 0.4147 0.5495 0.4311 0.5454 0.4469
0 0.5599 0.3142 0.5575 0.3005 0.5584 0.2869 0.5625 0.2741 0.5696 0.2631 0.5793 0.2546 0.5907 0.2492 0.6032 0.2473 0.616 0.2489 0.628 0.2541 0.6386 0.2623 0.647 0.2732 0.6526 0.2858 0.655 0.2995 0.6541 0.3131 0.65 0.3259 0.6429 0.3369 0.6332 0.3454 0.6218 0.3508 0.6093 0.3527 0.5965 0.3511 0.5845 0.3459 0.5739 0.3377 0.5655 0.3268
0 0.3149 0.6342 0.3035 0.6388 0.2909 0.6398 0.278 0.6371 0.2656 0.631 0.2546 0.6217 0.2458 0.6101 0.2396 0.5968 0.2367 0.5827 0.237 0.5689 0.2408 0.5563 0.2476 0.5456 0.257 0.5377 0.2684 0.5331 0.2809 0.5321 0.2939 0.5348 0.3062 0.5409 0.3172 0.5501 0.3261 0.5618 0.3322 0.5751 0.3352 0.5891 0.3348 0.603 0.3311 0.6156 0.3243 0.6263
0 0.4421 0.8476 0.4371 0.8601 0.4288 0.8708 0.4178 0.8791 0.4048 0.8843 0.3907 0.8861 0.3766 0.8844 0.3633 0.8793 0.3517 0.8711 0.3427 0.8604 0.3369 0.8479 0.3346 0.8345 0.336 0.8211 0.341 0.8086 0.3493 0.7979 0.3604 0.7896 0.3733 0.7844 0.3874 0.7826 0.4015 0.7843 0.4148 0.7895 0.4264 0.7977 0.4354 0.8084 0.4413 0.8208 0.4435 0.8342
0 0.4848 0.4464 0.4664 0.4463 0.4488 0.4417 0.433 0.4329 0.4202 0.4205 0.4113 0.4052 0.4068 0.3883 0.407 0.3707 0.412 0.3538 0.4214 0.3386 0.4346 0.3262 0.4506 0.3175 0.4684 0.313 0.4867 0.3131 0.5044 0.3177 0.5201 0.3265 0.5329 0.3389 0.5419 0.3542 0.5464 0.3711 0.5461 0.3887 0.5411 0.4056 0.5317 0.4208 0.5185 0.4332 0.5025 0.4419
0 0.7852 0.7076 0.7707 0.7141 0.7552 0.7168 0.7398 0.7157 0.7255 0.7107 0.7133 0.7022 0.704 0.6908 0.6983 0.6772 0.6965 0.6624 0.6988 0.6475 0.705 0.6333 0.7147 0.6209 0.7273 0.6112 0.7418 0.6047 0.7573 0.6019 0.7727 0.6031 0.787 0.6081 0.7992 0.6166 0.8085 0.628 0.8142 0.6415 0.816 0.6563 0.8137 0.6713 0.8075 0.6854 0.7978 0.6978
0 0.2821 0.6517 0.2695 0.6426 0.26 0.6298 0.2541 0.6143 0.2523 0.597 0.2547 0.5792 0.2612 0.5621 0.2712 0.5468 0.2842 0.5344 0.2992 0.5257 0.3153 0.5213 0.3312 0.5216 0.346 0.5264 0.3586 0.5355 0.3682 0.5483 0.374 0.5638 0.3758 0.5811 0.3734 0.5989 0.367 0.616 0.3569 0.6313 0.3439 0.6437 0.3289 0.6524 0.3129 0.6568 0.2969 0.6566
0 0.1346 0.7393 0.1232 0.7479 0.1098 0.7532 0.0953 0.7547 0.0807 0.7524 0.067 0.7464 0.0551 0.7371 0.0458 0.7252 0.0398 0.7115 0.0375 0.6969 0.039 0.6824 0.0443 0.669 0.0529 0.6576 0.0643 0.6489 0.0777 0.6437 0.0922 0.6422 0.1068 0.6445 0.1205 0.6505 0.1324 0.6598 0.1417 0.6717 0.1477 0.6854 0.15 0.7 0.1485 0.7145 0.1432 0.7279
0 0.672 0.2952 0.6616 0.3097 0.6482 0.3213 0.6329 0.329 0.6165 0.3325 0.6003 0.3314 0.5854 0.3258 0.5728 0.3161 0.5632 0.3029 0.5575 0.2873 0.5559 0.2701 0.5586 0.2527 0.5655 0.2361 0.5759 0.2215 0.5893 0.21 0.6046 0.2022 0.621 0.1988 0.6372 0.1999 0.6521 0.2055 0.6647 0.2152 0.6743 0.2283 0.68 0.244 0.6816 0.2611 0.6789 0.2786
0 0.8587 0.5155 0.8407 0.5091 0.8249 0.4987 0.8124 0.4851 0.8041 0.4692 0.8005 0.4522 0.8019 0.435 0.8081 0.4191 0.8188 0.4053 0.8333 0.3947 0.8504 0.3879 0.8692 0.3855 0.8882 0.3876 0.9062 0.3941 0.922 0.4044 0.9345 0.418 0.9428 0.4339 0.9464 0.451 0.945 0.4681 0.9387 0.4841 0.928 0.4978 0.9136 0.5085 0.8964 0.5152 0.8777 0.5176
0 0.5361 0.1254 0.5263 0.1202 0.5183 0.1125 0.5126 0.1027 0.5095 0.0916 0.5093 0.0799 0.5119 0.0684 0.5173 0.0579 0.525 0.049 0.5345 0.0425 0.5452 0.0387 0.5563 0.0379 0.5671 0.0402 0.5768 0.0454 0.5848 0.0532 0.5906 0.0629 0.5936 0.074 0.5939 0.0857 0.5912 0.0972 0.5858 0.1078 0.5781 0.1166 0.5686 0.1231 0.558 0.1269 0.5469 0.1277
0 0.6938 0.7566 0.6918 0.7413 0.6935 0.7261 0.6987 0.7121 0.7071 0.7003 0.7181 0.6914 0.7309 0.6861 0.7448 0.6848 0.7586 0.6874 0.7716 0.6939 0.7828 0.7038 0.7914 0.7164 0.7969 0.7309 0.7988 0.7462 0.7971 0.7614 0.7919 0.7754 0.7835 0.7872 0.7725 0.7961 0.7597 0.8014 0.7458 0.8027 0.732 0.8001 0.719 0.7936 0.7079 0.7837 0.6992 0.7711
0 0.1224 0.4477 0.1224 0.4379 0.1255 0.4282 0.1314 0.4194 0.1397 0.4121 0.1499 0.4067 0.1613 0.4036 0.1731 0.403 0.1845 0.405 0.1947 0.4094 0.203 0.416 0.2089 0.4242 0.2119 0.4335 0.2119 0.4434 0.2089 0.453 0.203 0.4618 0.1946 0.4692 0.1844 0.4746 0.1731 0.4777 0.1613 0.4782 0.1499 0.4762 0.1397 0.4718 0.1314 0.4653 0.1255 0.4571
0 0.2478 0.2778 0.2304 0.2737 0.2146 0.2654 0.2015 0.2536 0.192 0.2389 0.1869 0.2225 0.1863 0.2053 0.1904 0.1887 0.1989 0.1736 0.2112 0.1613 0.2264 0.1524 0.2436 0.1476 0.2615 0.1472 0.279 0.1513 0.2948 0.1596 0.3079 0.1714 0.3173 0.1861 0.3225 0.2025 0.3231 0.2197 0.319 0.2363 0.3105 0.2514 0.2982 0.2637 0.2829 0.2726 0.2658 0.2774
0 0.8104 0.6948 0.7991 0.6884 0.7898 0.6795 0.7831 0.6688 0.7794 0.6571 0.7791 0.645 0.7821 0.6336 0.7883 0.6235 0.7971 0.6154 0.8081 0.6098 0.8204 0.6072 0.8333 0.6078 0.8458 0.6114 0.8571 0.6179 0.8665 0.6268 0.8732 0.6374 0.8768 0.6492 0.8772 0.6612 0.8742 0.6727 0.868 0.6828 0.8591 0.6909 0.8482 0.6964 0.8358 0.699 0.8229 0.6985
0 0.2642 0.164 0.2569 0.1764 0.2462 0.1863 0.2327 0.193 0.2175 0.1962 0.2015 0.1957 0.1858 0.1913 0.1715 0.1835 0.1595 0.1728 0.1508 0.1599 0.1458 0.1457 0.145 0.1311 0.1483 0.1172 0.1556 0.1049 0.1663 0.095 0.1798 0.0882 0.195 0.085 0.211 0.0856 0.2267 0.0899 0.241 0.0977 0.253 0.1084 0.2617 0.1213 0.2667 0.1355 0.2675 0.1501
