0 0.2703 0.3917 0.268 0.405 0.2617 0.4173 0.2518 0.4278 0.2391 0.4358 0.2243 0.4407 0.2085 0.4422 0.1927 0.4401 0.1781 0.4347 0.1657 0.4263 0.1562 0.4155 0.1503 0.4029 0.1484 0.3896 0.1508 0.3763 0.1571 0.3639 0.1669 0.3534 0.1797 0.3454 0.1945 0.3406 0.2103 0.3391 0.226 0.3411 0.2406 0.3465 0.2531 0.3549 0.2626 0.3658 0.2685 0.3783
0 0.3878 0.1765 0.3804 0.1933 0.3693 0.2077 0.3553 0.2186 0.3394 0.2254 0.3226 0.2276 0.306 0.2251 0.2908 0.2179 0.2781 0.2067 0.2687 0.1921 0.2632 0.1752 0.2621 0.1571 0.2653 0.1391 0.2727 0.1223 0.2838 0.108 0.2978 0.097 0.3137 0.0902 0.3306 0.088 0.3471 0.0906 0.3623 0.0977 0.375 0.1089 0.3844 0.1235 0.3899 0.1404 0.3911 0.1585
0 0.6011 0.7329 0.596 0.7255 0.5932 0.7168 0.5929 0.7073 0.5951 0.6978 0.5996 0.6889 0.6062 0.6811 0.6144 0.6751 0.6237 0.6712 0.6333 0.6696 0.6427 0.6706 0.6512 0.674 0.6583 0.6796 0.6634 0.687 0.6662 0.6957 0.6665 0.7052 0.6643 0.7147 0.6597 0.7236 0.6531 0.7314 0.6449 0.7374 0.6357 0.7413 0.6261 0.7429 0.6167 0.7419 0.6082 0.7385
0 0.7204 0.1148 0.7178 0.1045 0.7182 0.0938 0.7215 0.0834 0.7275 0.074 0.7357 0.0663 0.7457 0.0608 0.7567 0.0578 0.768 0.0576 0.7789 0.0602 0.7885 0.0654 0.7962 0.0729 0.8015 0.082 0.8041 0.0924 0.8037 0.1031 0.8004 0.1135 0.7944 0.1229 0.7861 0.1306 0.7762 0.1361 0.7651 0.1391 0.7538 0.1393 0.743 0.1367 0.7334 0.1315 0.7257 0.124
0 0.8784 0.7809 0.8695 0.7809 0.8607 0.7785 0.8529 0.7739 0.8465 0.7672 0.8419 0.7591 0.8394 0.7501 0.8393 0.7407 0.8415 0.7317 0.8458 0.7235 0.8521 0.7169 0.8598 0.7122 0.8684 0.7097 0.8774 0.7097 0.8861 0.7121 0.894 0.7168 0.9004 0.7234 0.905 0.7315 0.9075 0.7405 0.9076 0.7499 0.9054 0.759 0.901 0.7671 0.8948 0.7737 0.8871 0.7784
0 0.9204 0.3237 0.9101 0.3331 0.8972 0.3391 0.8826 0.3414 0.8672 0.3398 0.8522 0.3344 0.8384 0.3257 0.827 0.3141 0.8186 0.3005 0.8139 0.2858 0.8131 0.271 0.8163 0.2571 0.8233 0.245 0.8336 0.2357 0.8465 0.2297 0.8612 0.2274 0.8765 0.229 0.8916 0.2343 0.9053 0.2431 0.9167 0.2547 0.9251 0.2683 0.9299 0.283 0.9307 0.2978 0.9274 0.3117
0 0.7166 0.83 0.7091 0.8417 0.6985 0.8509 0.6858 0.8571 0.6717 0.8598 0.6571 0.8589 0.6432 0.8544 0.6307 0.8466 0.6207 0.8361 0.6137 0.8235 0.6102 0.8097 0.6106 0.7957 0.6146 0.7825 0.6222 0.7708 0.6327 0.7616 0.6455 0.7554 0.6596 0.7527 0.6741 0.7536 0.6881 0.7581 0.7005 0.7659 0.7106 0.7764 0.7175 0.789 0.721 0.8028 0.7207 0.8168
0 0.2187 0.7433 0.216 0.7297 0.2172 0.7157 0.222 0.7024 0.2303 0.6907 0.2414 0.6812 0.2546 0.6748 0.2689 0.6717 0.2835 0.6723 0.2973 0.6765 0.3093 0.684 0.3188 0.6943 0.3251 0.7067 0.3277 0.7203 0.3266 0.7343 0.3217 0.7476 0.3134 0.7593 0.3023 0.7688 0.2892 0.7752 0.2748 0.7783 0.2603 0.7777 0.2465 0.7735 0.2345 0.766 0.225 0.7557
0 0.5557 0.204 0.5478 0.1926 0.5431 0.1794 0.5422 0.1653 0.5449 0.1512 0.5512 0.138 0.5606 0.1268 0.5725 0.1182 0.5861 0.1128 0.6003 0.111 0.6144 0.113 0.6272 0.1185 0.638 0.1273 0.646 0.1386 0.6506 0.1518 0.6516 0.166 0.6488 0.1801 0.6425 0.1932 0.6331 0.2045 0.6212 0.2131 0.6077 0.2185 0.5934 0.2202 0.5794 0.2183 0.5665 0.2127
0 0.8662 0.2831 0.8528 0.2754 0.8418 0.2644 0.834 0.2508 0.83 0.2356 0.83 0.2197 0.834 0.2043 0.8418 0.1905 0.8528 0.179 0.8663 0.1709 0.8813 0.1665 0.8969 0.1662 0.9119 0.1701 0.9254 0.1777 0.9364 0.1888 0.9441 0.2023 0.9482 0.2176 0.9481 0.2334 0.9441 0.2488 0.9363 0.2627 0.9253 0.2741 0.9118 0.2822 0.8968 0.2866 0.8813 0.2869
0 0.3645 0.5476 0.3541 0.5439 0.345 0.5374 0.3378 0.5284 0.3331 0.5176 0.3311 0.5057 0.332 0.4935 0.3358 0.4819 0.342 0.4716 0.3505 0.4633 0.3605 0.4577 0.3714 0.455 0.3824 0.4555 0.3928 0.4592 0.4019 0.4657 0.409 0.4747 0.4138 0.4855 0.4158 0.4974 0.4148 0.5096 0.4111 0.5212 0.4048 0.5315 0.3964 0.5398 0.3864 0.5454 0.3755 0.5481
0 0.875 0.2 0.8592 0.198 0.8445 0.192 0.8319 0.1826 0.8222 0.1703 0.8161 0.156 0.8141 0.1406 0.8161 0.1253 0.8222 0.1109 0.8319 0.0986 0.8445 0.0892 0.8592 0.0833 0.875 0.0812 0.8908 0.0833 0.9055 0.0892 0.9181 0.0986 0.9278 0.1109 0.9339 0.1253 0.9359 0.1406 0.9339 0.156 0.9278 0.1703 0.9181 0.1826 0.9055 0.192 0.8908 0.198
0 0.5071 0.2723 0.4996 0.2863 0.4889 0.2979 0.4758 0.3064 0.4612 0.3112 0.446 0.3119 0.4313 0.3085 0.4181 0.3012 0.4072 0.2905 0.3995 0.2771 0.3955 0.2621 0.3953 0.2463 0.3992 0.2308 0.4066 0.2168 0.4173 0.2052 0.4304 0.1967 0.4451 0.1919 0.4602 0.1912 0.475 0.1947 0.4882 0.202 0.499 0.2127 0.5067 0.226 0.5108 0.2411 0.5109 0.2569
0 0.8482 0.381 0.8303 0.3744 0.8146 0.3636 0.8023 0.3493 0.7942 0.3324 0.7909 0.3143 0.7925 0.296 0.799 0.2788 0.81 0.2639 0.8246 0.2524 0.842 0.2449 0.8608 0.242 0.8799 0.244 0.8979 0.2506 0.9135 0.2614 0.9258 0.2757 0.9339 0.2926 0.9373 0.3107 0.9356 0.329 0.9291 0.3462 0.9181 0.3611 0.9035 0.3726 0.8861 0.3801 0.8673 0.383
0 0.0359 0.6625 0.038 0.6488 0.0439 0.6359 0.0533 0.6249 0.0656 0.6165 0.0799 0.6112 0.0953 0.6094 0.1107 0.6112 0.125 0.6165 0.1373 0.6249 0.1467 0.6359 0.1527 0.6488 0.1547 0.6625 0.1527 0.6762 0.1467 0.6891 0.1373 0.7001 0.125 0.7085 0.1107 0.7138 0.0953 0.7156 0.0799 0.7138 0.0656 0.7085 0.0533 0.7001 0.0439 0.6891 0.038 0.6762
