0 0.5204 0.8637 0.5152 0.8774 0.5071 0.8893 0.4966 0.8987 0.4843 0.9049 0.4713 0.9074 0.4583 0.9061 0.4462 0.9012 0.4358 0.8928 0.4279 0.8816 0.4231 0.8684 0.4215 0.854 0.4234 0.8395 0.4285 0.8258 0.4367 0.8138 0.4472 0.8044 0.4594 0.7982 0.4725 0.7957 0.4855 0.797 0.4976 0.802 0.5079 0.8103 0.5158 0.8215 0.5207 0.8347 0.5223 0.8491
0 0.7684 0.186 0.7636 0.1969 0.7555 0.206 0.7447 0.2128 0.7319 0.2169 0.718 0.2178 0.7039 0.2156 0.6906 0.2105 0.6791 0.2027 0.67 0.1928 0.664 0.1815 0.6616 0.1695 0.6628 0.1577 0.6676 0.1469 0.6757 0.1377 0.6866 0.1309 0.6994 0.1269 0.7133 0.1259 0.7274 0.1281 0.7406 0.1333 0.7522 0.141 0.7613 0.1509 0.7672 0.1622 0.7697 0.1742
0 0.3337 0.8151 0.3283 0.8266 0.32 0.8362 0.3092 0.8434 0.2968 0.8477 0.2835 0.8486 0.2702 0.8463 0.2579 0.8408 0.2475 0.8326 0.2395 0.8221 0.2346 0.8101 0.2331 0.7974 0.2351 0.7849 0.2404 0.7734 0.2488 0.7638 0.2595 0.7566 0.272 0.7523 0.2853 0.7514 0.2985 0.7537 0.3108 0.7592 0.3213 0.7674 0.3293 0.7779 0.3342 0.7899 0.3357 0.8026
0 0.9557 0.119 0.9515 0.1343 0.9438 0.1481 0.9329 0.1593 0.9197 0.1672 0.9051 0.1713 0.89 0.1713 0.8754 0.1671 0.8625 0.1592 0.852 0.1479 0.8446 0.1341 0.8409 0.1188 0.8412 0.1029 0.8453 0.0875 0.8531 0.0738 0.864 0.0626 0.8772 0.0547 0.8918 0.0506 0.9069 0.0506 0.9214 0.0547 0.9344 0.0627 0.9449 0.074 0.9523 0.0877 0.9559 0.1031
0 0.877 0.2544 0.8645 0.2564 0.852 0.2551 0.8403 0.2507 0.8302 0.2435 0.8224 0.2339 0.8175 0.2227 0.8157 0.2106 0.8173 0.1984 0.822 0.187 0.8296 0.177 0.8395 0.1693 0.8511 0.1643 0.8636 0.1624 0.8762 0.1637 0.8879 0.1681 0.8979 0.1753 0.9057 0.1848 0.9106 0.196 0.9124 0.2081 0.9108 0.2203 0.9061 0.2318 0.8985 0.2417 0.8886 0.2494
0 0.8129 0.818 0.8058 0.8275 0.7964 0.8348 0.7853 0.8394 0.7733 0.841 0.7613 0.8395 0.7499 0.8349 0.74 0.8277 0.7324 0.8183 0.7274 0.8073 0.7254 0.7954 0.7266 0.7836 0.7309 0.7726 0.738 0.7631 0.7474 0.7558 0.7584 0.7512 0.7704 0.7496 0.7825 0.7511 0.7938 0.7557 0.8037 0.7629 0.8114 0.7724 0.8164 0.7834 0.8184 0.7952 0.8172 0.807
0 0.6426 0.6635 0.6358 0.6688 0.6276 0.6719 0.6186 0.6726 0.6094 0.671 0.6006 0.667 0.5928 0.6611 0.5866 0.6536 0.5824 0.6449 0.5804 0.6358 0.5809 0.6267 0.5837 0.6184 0.5886 0.6115 0.5955 0.6062 0.6037 0.6031 0.6127 0.6024 0.6219 0.604 0.6307 0.608 0.6384 0.6139 0.6446 0.6214 0.6489 0.6301 0.6508 0.6392 0.6504 0.6483 0.6476 0.6566
0 0.2174 0.5033 0.2046 0.5128 0.1893 0.5183 0.1727 0.5195 0.1557 0.5163 0.1397 0.5089 0.1257 0.4978 0.1145 0.4837 0.1071 0.4677 0.1039 0.4508 0.1051 0.4341 0.1106 0.4189 0.1201 0.4061 0.1329 0.3966 0.1482 0.391 0.1648 0.3898 0.1818 0.3931 0.1978 0.4005 0.2118 0.4116 0.223 0.4256 0.2304 0.4417 0.2336 0.4586 0.2324 0.4752 0.2269 0.4905
0 0.4555 0.6484 0.4433 0.6532 0.4304 0.6547 0.4175 0.6528 0.4055 0.6475 0.3953 0.6394 0.3875 0.6289 0.3827 0.6168 0.3813 0.6038 0.3832 0.5909 0.3884 0.5789 0.3965 0.5687 0.407 0.561 0.4192 0.5562 0.4321 0.5547 0.445 0.5566 0.457 0.5618 0.4672 0.57 0.475 0.5804 0.4798 0.5926 0.4812 0.6056 0.4793 0.6185 0.4741 0.6304 0.466 0.6407
0 0.9725 0.8951 0.9656 0.9062 0.9566 0.9152 0.9459 0.9217 0.9343 0.9251 0.9227 0.9251 0.9117 0.9219 0.9021 0.9155 0.8947 0.9066 0.8898 0.8955 0.8879 0.8832 0.889 0.8704 0.8932 0.8581 0.9 0.847 0.909 0.8379 0.9197 0.8314 0.9313 0.8281 0.943 0.828 0.9539 0.8312 0.9635 0.8376 0.9709 0.8466 0.9758 0.8576 0.9777 0.8699 0.9766 0.8827
0 0.5246 0.6397 0.5197 0.6289 0.5175 0.6175 0.5182 0.6061 0.5218 0.5956 0.5278 0.5866 0.536 0.5799 0.5458 0.5758 0.5566 0.5747 0.5675 0.5765 0.5779 0.5812 0.587 0.5885 0.5942 0.5978 0.5991 0.6086 0.6012 0.62 0.6005 0.6314 0.597 0.6419 0.5909 0.6509 0.5827 0.6576 0.5729 0.6617 0.5622 0.6628 0.5513 0.661 0.5409 0.6563 0.5318 0.649
0 0.3392 0.4144 0.3266 0.4227 0.3119 0.4272 0.296 0.4275 0.2801 0.4235 0.2652 0.4156 0.2523 0.4043 0.2424 0.3904 0.2361 0.3747 0.2339 0.3585 0.2358 0.3427 0.2418 0.3285 0.2514 0.3169 0.264 0.3085 0.2788 0.304 0.2946 0.3038 0.3106 0.3077 0.3254 0.3156 0.3383 0.3269 0.3482 0.3409 0.3545 0.3565 0.3567 0.3728 0.3548 0.3885 0.3488 0.4027
0 0.6899 0.6801 0.6815 0.6937 0.6699 0.7045 0.6557 0.712 0.6399 0.7156 0.6236 0.715 0.608 0.7104 0.5941 0.7019 0.5828 0.6902 0.5749 0.6761 0.571 0.6605 0.5712 0.6445 0.5757 0.6293 0.5841 0.6157 0.5958 0.6048 0.61 0.5973 0.6257 0.5938 0.642 0.5943 0.6576 0.599 0.6715 0.6075 0.6828 0.6192 0.6907 0.6333 0.6947 0.6489 0.6944 0.6648
0 0.6272 0.2419 0.6228 0.2257 0.623 0.2089 0.6276 0.1925 0.6365 0.1777 0.6489 0.1655 0.664 0.1567 0.6809 0.1519 0.6983 0.1514 0.7151 0.1554 0.7301 0.1634 0.7423 0.175 0.7509 0.1894 0.7553 0.2055 0.7551 0.2224 0.7505 0.2388 0.7417 0.2536 0.7292 0.2658 0.7141 0.2746 0.6972 0.2794 0.6798 0.2798 0.663 0.2759 0.648 0.2678 0.6358 0.2562
0 0.3193 0.3438 0.3122 0.3291 0.3093 0.3129 0.3109 0.2962 0.3169 0.2802 0.3268 0.2659 0.3401 0.2544 0.3557 0.2465 0.3726 0.2426 0.3897 0.243 0.4058 0.2478 0.4198 0.2565 0.4307 0.2687 0.4378 0.2834 0.4407 0.2996 0.4391 0.3163 0.4331 0.3323 0.4232 0.3466 0.4099 0.3581 0.3943 0.366 0.3774 0.3699 0.3603 0.3695 0.3442 0.3647 0.3302 0.356
0 0.3498 0.2288 0.3487 0.2162 0.351 0.2036 0.3568 0.192 0.3654 0.1821 0.3765 0.1746 0.3891 0.17 0.4025 0.1686 0.4157 0.1705 0.4278 0.1756 0.4381 0.1835 0.4457 0.1938 0.4502 0.2056 0.4513 0.2182 0.449 0.2307 0.4432 0.2424 0.4346 0.2523 0.4235 0.2598 0.4109 0.2644 0.3975 0.2658 0.3843 0.2639 0.3722 0.2588 0.3619 0.2508 0.3543 0.2406
0 0.1049 0.5653 0.0962 0.5487 0.092 0.5305 0.0926 0.5119 0.098 0.4942 0.1078 0.4786 0.1213 0.4661 0.1376 0.4577 0.1556 0.4538 0.1741 0.4549 0.1918 0.4606 0.2075 0.4708 0.2201 0.4847 0.2288 0.5013 0.233 0.5195 0.2324 0.5381 0.227 0.5558 0.2172 0.5714 0.2037 0.5839 0.1874 0.5923 0.1694 0.5962 0.1509 0.5951 0.1332 0.5894 0.1175 0.5792
