0 0.1701 0.7255 0.1641 0.706 0.1629 0.686 0.1665 0.6666 0.1747 0.6494 0.1871 0.6353 0.2026 0.6255 0.2203 0.6205 0.239 0.6208 0.2573 0.6262 0.2741 0.6364 0.2882 0.6508 0.2986 0.6683 0.3046 0.6877 0.3059 0.7078 0.3023 0.7271 0.294 0.7444 0.2817 0.7584 0.2662 0.7682 0.2484 0.7732 0.2298 0.773 0.2114 0.7676 0.1946 0.7573 0.1806 0.743
0 0.3391 0.4969 0.3302 0.4956 0.3219 0.4919 0.3148 0.4859 0.3093 0.4781 0.3059 0.4691 0.3047 0.4594 0.3059 0.4497 0.3093 0.4406 0.3148 0.4329 0.3219 0.4269 0.3302 0.4232 0.3391 0.4219 0.348 0.4232 0.3562 0.4269 0.3634 0.4329 0.3688 0.4406 0.3723 0.4497 0.3734 0.4594 0.3723 0.4691 0.3688 0.4781 0.3634 0.4859 0.3562 0.4919 0.348 0.4956
0 0.8673 0.1605 0.868 0.152 0.8714 0.1438 0.8771 0.1366 0.8848 0.1308 0.894 0.1269 0.904 0.1251 0.9141 0.1255 0.9238 0.1281 0.9322 0.1327 0.9389 0.1391 0.9433 0.1467 0.9452 0.1551 0.9445 0.1637 0.9411 0.1718 0.9354 0.179 0.9277 0.1848 0.9185 0.1887 0.9085 0.1905 0.8984 0.1901 0.8887 0.1875 0.8803 0.1829 0.8736 0.1765 0.8692 0.1689
0 0.228 0.7586 0.2262 0.7678 0.2222 0.7763 0.2162 0.7833 0.2087 0.7885 0.2002 0.7915 0.1912 0.7921 0.1825 0.7903 0.1744 0.7861 0.1677 0.7799 0.1628 0.7721 0.16 0.7632 0.1595 0.7539 0.1613 0.7447 0.1653 0.7362 0.1713 0.7292 0.1788 0.724 0.1873 0.721 0.1963 0.7204 0.205 0.7222 0.2131 0.7264 0.2198 0.7326 0.2247 0.7404 0.2275 0.7493
0 0.354 0.7127 0.3444 0.7065 0.3369 0.6975 0.3319 0.6864 0.3299 0.6738 0.331 0.6606 0.335 0.6478 0.3418 0.6362 0.3509 0.6267 0.3616 0.6197 0.3732 0.6159 0.3849 0.6155 0.396 0.6185 0.4056 0.6247 0.4131 0.6337 0.4181 0.6449 0.4201 0.6575 0.419 0.6706 0.415 0.6834 0.4082 0.695 0.3991 0.7046 0.3884 0.7115 0.3768 0.7153 0.3651 0.7157
0 0.2406 0.3118 0.2422 0.2985 0.2471 0.2859 0.2551 0.2751 0.2656 0.2667 0.278 0.2614 0.2913 0.2594 0.3047 0.2609 0.3172 0.2658 0.328 0.2738 0.3364 0.2844 0.3418 0.2967 0.3437 0.31 0.3422 0.3234 0.3373 0.3359 0.3293 0.3468 0.3187 0.3551 0.3064 0.3605 0.2931 0.3625 0.2797 0.361 0.2672 0.356 0.2564 0.348 0.248 0.3375 0.2426 0.3252
0 0.1637 0.368 0.16 0.3748 0.1543 0.3804 0.1469 0.3844 0.1383 0.3864 0.1291 0.3864 0.12 0.3843 0.1116 0.3803 0.1043 0.3747 0.0988 0.3678 0.0954 0.3602 0.0944 0.3522 0.0957 0.3445 0.0994 0.3377 0.1051 0.3321 0.1125 0.3281 0.1211 0.3261 0.1302 0.3261 0.1394 0.3282 0.1478 0.3322 0.155 0.3378 0.1605 0.3447 0.1639 0.3523 0.165 0.3603
0 0.3116 0.7648 0.2974 0.7525 0.2869 0.7371 0.2807 0.7197 0.2792 0.7015 0.2825 0.6837 0.2904 0.6676 0.3024 0.6542 0.3176 0.6445 0.335 0.6391 0.3535 0.6384 0.3717 0.6424 0.3884 0.6508 0.4026 0.6632 0.4131 0.6785 0.4193 0.6959 0.4208 0.7141 0.4175 0.7319 0.4096 0.748 0.3976 0.7614 0.3824 0.7711 0.365 0.7765 0.3465 0.7773 0.3283 0.7733
0 0.7211 0.2472 0.7077 0.2424 0.6959 0.2342 0.6867 0.2231 0.6806 0.2099 0.6781 0.1954 0.6793 0.1808 0.6842 0.167 0.6923 0.1548 0.7033 0.1452 0.7162 0.1389 0.7303 0.1361 0.7445 0.1372 0.758 0.142 0.7697 0.1502 0.7789 0.1613 0.785 0.1745 0.7875 0.1889 0.7863 0.2036 0.7815 0.2174 0.7733 0.2295 0.7624 0.2391 0.7494 0.2455 0.7354 0.2483
0 0.8504 0.8547 0.8365 0.8579 0.8224 0.8576 0.8089 0.8537 0.7971 0.8467 0.7877 0.8369 0.7814 0.825 0.7786 0.8118 0.7795 0.7982 0.784 0.7852 0.7918 0.7736 0.8025 0.7643 0.8152 0.7578 0.8291 0.7546 0.8432 0.7549 0.8567 0.7588 0.8685 0.7658 0.8779 0.7756 0.8842 0.7875 0.887 0.8007 0.8861 0.8143 0.8816 0.8273 0.8738 0.8389 0.8631 0.8482
0 0.6324 0.2282 0.6294 0.238 0.6236 0.2467 0.6154 0.2537 0.6052 0.2585 0.5939 0.2609 0.5821 0.2606 0.5706 0.2576 0.5604 0.2522 0.5519 0.2448 0.5459 0.2358 0.5428 0.2258 0.5426 0.2156 0.5456 0.2058 0.5514 0.1971 0.5596 0.1901 0.5698 0.1852 0.5811 0.1829 0.5929 0.1832 0.6044 0.1861 0.6146 0.1915 0.6231 0.199 0.6291 0.208 0.6322 0.218
0 0.4897 0.8365 0.481 0.8439 0.4704 0.8487 0.4587 0.8505 0.4465 0.8492 0.4349 0.8448 0.4244 0.8377 0.4159 0.8284 0.41 0.8174 0.407 0.8056 0.4071 0.7937 0.4104 0.7825 0.4166 0.7729 0.4252 0.7654 0.4358 0.7607 0.4476 0.7589 0.4597 0.7602 0.4714 0.7646 0.4818 0.7717 0.4903 0.781 0.4963 0.792 0.4993 0.8038 0.4991 0.8157 0.4959 0.8268
0 0.4077 0.6355 0.4006 0.6417 0.392 0.6458 0.3822 0.6473 0.3721 0.6463 0.3623 0.6427 0.3535 0.6369 0.3462 0.6292 0.341 0.6202 0.3382 0.6104 0.3381 0.6005 0.3405 0.5913 0.3454 0.5833 0.3525 0.577 0.3612 0.573 0.3709 0.5714 0.381 0.5725 0.3908 0.576 0.3997 0.5818 0.4069 0.5895 0.4121 0.5986 0.4149 0.6084 0.4151 0.6182 0.4126 0.6275
0 0.789 0.5144 0.7867 0.5289 0.7807 0.5423 0.7716 0.5536 0.76 0.5621 0.7466 0.5673 0.7324 0.5687 0.7183 0.5663 0.7053 0.5602 0.6943 0.5509 0.6861 0.539 0.6811 0.5252 0.6797 0.5106 0.6821 0.4961 0.688 0.4827 0.6971 0.4714 0.7087 0.4629 0.7221 0.4577 0.7363 0.4563 0.7504 0.4587 0.7634 0.4648 0.7744 0.4741 0.7827 0.486 0.7877 0.4998
0 0.8102 0.8848 0.8077 0.8749 0.8077 0.8648 0.8101 0.8552 0.8149 0.8467 0.8215 0.84 0.8298 0.8354 0.8389 0.8333 0.8484 0.8339 0.8576 0.837 0.8658 0.8425 0.8725 0.85 0.8773 0.859 0.8798 0.8689 0.8798 0.879 0.8774 0.8886 0.8726 0.897 0.866 0.9038 0.8577 0.9083 0.8486 0.9104 0.8391 0.9099 0.8299 0.9068 0.8217 0.9013 0.815 0.8938
0 0.4751 0.533 0.4676 0.5385 0.4584 0.5417 0.4484 0.5422 0.4382 0.54 0.4285 0.5354 0.4199 0.5285 0.413 0.5199 0.4084 0.5102 0.4062 0.5 0.4068 0.49 0.4099 0.4809 0.4155 0.4733 0.4231 0.4677 0.4322 0.4646 0.4422 0.4641 0.4524 0.4662 0.4621 0.4709 0.4707 0.4777 0.4776 0.4863 0.4822 0.496 0.4844 0.5062 0.4839 0.5163 0.4807 0.5254
0 0.8391 0.8604 0.8304 0.8466 0.8253 0.8314 0.8241 0.8157 0.8269 0.8006 0.8335 0.7872 0.8435 0.7764 0.8561 0.7689 0.8706 0.7652 0.8859 0.7656 0.901 0.7701 0.9149 0.7782 0.9265 0.7896 0.9352 0.8034 0.9403 0.8186 0.9415 0.8343 0.9387 0.8494 0.9321 0.8628 0.9221 0.8736 0.9095 0.8811 0.895 0.8848 0.8797 0.8844 0.8646 0.8799 0.8508 0.8718
0 0.9105 0.4748 0.8987 0.4746 0.8874 0.4717 0.8774 0.4663 0.8693 0.4587 0.8638 0.4494 0.8612 0.4391 0.8616 0.4285 0.8651 0.4183 0.8714 0.4092 0.88 0.4018 0.8905 0.3966 0.902 0.394 0.9138 0.3941 0.9251 0.397 0.9351 0.4025 0.9432 0.4101 0.9487 0.4193 0.9513 0.4296 0.9509 0.4403 0.9474 0.4505 0.9411 0.4596 0.9325 0.467 0.922 0.4722
