0 0.714 0.2161 0.7007 0.2288 0.6846 0.2375 0.6667 0.2418 0.6484 0.2413 0.6308 0.2361 0.6151 0.2265 0.6025 0.2132 0.5937 0.1971 0.5894 0.1792 0.5899 0.1609 0.5951 0.1433 0.6047 0.1276 0.618 0.115 0.6342 0.1062 0.652 0.1019 0.6704 0.1024 0.688 0.1076 0.7036 0.1172 0.7163 0.1305 0.725 0.1467 0.7293 0.1645 0.7288 0.1829 0.7236 0.2005
0 0.2736 0.955 0.2602 0.9402 0.2508 0.9229 0.246 0.9043 0.2462 0.8856 0.2513 0.868 0.261 0.8529 0.2746 0.8412 0.2913 0.8337 0.3098 0.8309 0.3289 0.8331 0.3474 0.84 0.3639 0.8512 0.3773 0.866 0.3867 0.8833 0.3915 0.902 0.3913 0.9207 0.3862 0.9382 0.3765 0.9534 0.3629 0.9651 0.3462 0.9726 0.3277 0.9753 0.3086 0.9732 0.2901 0.9662
0 0.9093 0.3442 0.9043 0.3349 0.9018 0.3246 0.9021 0.314 0.9051 0.3038 0.9106 0.2947 0.9183 0.2874 0.9276 0.2824 0.9379 0.2799 0.9485 0.2802 0.9587 0.2832 0.9678 0.2887 0.9751 0.2964 0.9801 0.3058 0.9826 0.3161 0.9823 0.3267 0.9793 0.3368 0.9738 0.3459 0.9661 0.3532 0.9567 0.3582 0.9464 0.3607 0.9358 0.3604 0.9257 0.3574 0.9166 0.3519
0 0.5322 0.5527 0.5239 0.5599 0.5142 0.5649 0.5037 0.5672 0.4932 0.5668 0.4834 0.5636 0.4749 0.5579 0.4683 0.5501 0.4642 0.5406 0.4626 0.5302 0.4639 0.5196 0.4678 0.5094 0.4741 0.5004 0.4824 0.4932 0.4921 0.4883 0.5026 0.4859 0.5131 0.4863 0.5229 0.4895 0.5314 0.4952 0.5379 0.503 0.5421 0.5125 0.5436 0.5229 0.5424 0.5335 0.5385 0.5437
0 0.4252 0.3498 0.4065 0.3516 0.3881 0.3487 0.371 0.3411 0.3566 0.3295 0.3458 0.3146 0.3393 0.2974 0.3376 0.2791 0.3408 0.261 0.3487 0.2442 0.3607 0.23 0.376 0.2193 0.3936 0.2127 0.4122 0.2109 0.4307 0.2138 0.4477 0.2214 0.4621 0.233 0.4729 0.2479 0.4794 0.2651 0.4811 0.2834 0.4779 0.3015 0.4701 0.3183 0.4581 0.3325 0.4428 0.3432
0 0.2443 0.9297 0.2358 0.936 0.2261 0.94 0.2157 0.9414 0.2054 0.9401 0.196 0.9361 0.188 0.9298 0.1819 0.9215 0.1783 0.912 0.1773 0.9016 0.1791 0.8913 0.1834 0.8817 0.1901 0.8735 0.1985 0.8671 0.2083 0.8631 0.2187 0.8617 0.2289 0.8631 0.2384 0.867 0.2464 0.8733 0.2524 0.8816 0.2561 0.8912 0.257 0.9015 0.2553 0.9118 0.251 0.9214
0 0.1509 0.4989 0.142 0.4999 0.133 0.4984 0.1248 0.4946 0.1176 0.4887 0.1122 0.4811 0.1088 0.4724 0.1077 0.4631 0.109 0.4538 0.1125 0.4453 0.118 0.438 0.1252 0.4325 0.1335 0.4292 0.1424 0.4282 0.1513 0.4297 0.1596 0.4335 0.1667 0.4394 0.1722 0.447 0.1755 0.4557 0.1767 0.4651 0.1754 0.4743 0.1719 0.4828 0.1664 0.4901 0.1592 0.4956
0 0.3102 0.1512 0.3077 0.135 0.3094 0.1189 0.3151 0.1038 0.3245 0.0907 0.3369 0.0807 0.3515 0.0743 0.3673 0.072 0.3831 0.0739 0.398 0.08 0.4109 0.0898 0.4209 0.1026 0.4273 0.1176 0.4298 0.1337 0.4281 0.1499 0.4224 0.165 0.413 0.178 0.4006 0.1881 0.386 0.1945 0.3702 0.1968 0.3544 0.1948 0.3395 0.1887 0.3266 0.179 0.3166 0.1661
0 0.443 0.9701 0.4317 0.9758 0.4191 0.9781 0.406 0.977 0.3934 0.9724 0.3821 0.9647 0.3728 0.9543 0.3663 0.9421 0.3629 0.9289 0.3629 0.9154 0.3663 0.9028 0.3728 0.8917 0.382 0.883 0.3933 0.8773 0.4059 0.875 0.419 0.8761 0.4316 0.8807 0.4429 0.8885 0.4522 0.8988 0.4587 0.911 0.4621 0.9243 0.4621 0.9377 0.4587 0.9504 0.4522 0.9614
0 0.246 0.6786 0.2387 0.6959 0.2278 0.7108 0.2139 0.7223 0.198 0.7296 0.1812 0.7322 0.1646 0.73 0.1493 0.7231 0.1364 0.7119 0.1268 0.6973 0.1211 0.6802 0.1198 0.6618 0.1228 0.6433 0.13 0.626 0.141 0.6111 0.1548 0.5996 0.1707 0.5923 0.1876 0.5896 0.2042 0.5918 0.2194 0.5988 0.2323 0.6099 0.2419 0.6246 0.2476 0.6417 0.249 0.6601
0 0.9279 0.4666 0.9128 0.4746 0.896 0.4784 0.8785 0.4775 0.8617 0.4722 0.8467 0.4626 0.8344 0.4495 0.8258 0.4338 0.8213 0.4165 0.8214 0.3989 0.826 0.3821 0.8347 0.3672 0.8471 0.3553 0.8622 0.3472 0.879 0.3435 0.8965 0.3443 0.9133 0.3497 0.9283 0.3593 0.9406 0.3724 0.9492 0.3881 0.9537 0.4053 0.9536 0.423 0.949 0.4398 0.9403 0.4547
0 0.241 0.8594 0.2305 0.8672 0.2183 0.872 0.2054 0.8734 0.1925 0.8715 0.1805 0.8663 0.1703 0.8582 0.1625 0.8477 0.1577 0.8355 0.1563 0.8226 0.1582 0.8097 0.1634 0.7977 0.1715 0.7875 0.182 0.7797 0.1942 0.7749 0.2071 0.7734 0.22 0.7754 0.232 0.7806 0.2422 0.7887 0.25 0.7992 0.2548 0.8113 0.2562 0.8243 0.2543 0.8372 0.2491 0.8492
0 0.6581 0.9321 0.6447 0.9227 0.6342 0.9104 0.6272 0.896 0.6242 0.8805 0.6254 0.8649 0.6308 0.8503 0.6398 0.8378 0.6521 0.8281 0.6666 0.8219 0.6825 0.8196 0.6986 0.8215 0.7138 0.8273 0.7271 0.8366 0.7377 0.849 0.7447 0.8634 0.7477 0.8789 0.7465 0.8945 0.7411 0.909 0.732 0.9216 0.7198 0.9313 0.7052 0.9375 0.6894 0.9398 0.6733 0.9379
0 0.2091 0.8971 0.1904 0.906 0.1704 0.9103 0.1504 0.9095 0.132 0.9039 0.1162 0.8937 0.1043 0.8797 0.097 0.8629 0.0947 0.8443 0.0977 0.8252 0.1058 0.807 0.1184 0.7908 0.1346 0.7779 0.1534 0.769 0.1734 0.7647 0.1933 0.7655 0.2118 0.7711 0.2275 0.7813 0.2395 0.7953 0.2468 0.8121 0.249 0.8307 0.246 0.8498 0.2379 0.868 0.2254 0.8842
0 0.6705 0.1609 0.6562 0.171 0.64 0.1773 0.6232 0.1794 0.6068 0.1772 0.592 0.1708 0.5798 0.1606 0.5709 0.1473 0.5661 0.1319 0.5655 0.1154 0.5694 0.0989 0.5774 0.0835 0.5889 0.0703 0.6032 0.0602 0.6193 0.0539 0.6362 0.0518 0.6525 0.054 0.6674 0.0605 0.6796 0.0707 0.6885 0.0839 0.6933 0.0993 0.6938 0.1159 0.69 0.1324 0.682 0.1477
0 0.8294 0.6053 0.8193 0.5991 0.8112 0.5904 0.8057 0.5797 0.8031 0.568 0.8035 0.5558 0.807 0.5441 0.8134 0.5336 0.8221 0.5251 0.8326 0.5192 0.8443 0.5162 0.8561 0.5164 0.8675 0.5197 0.8776 0.5259 0.8856 0.5346 0.8912 0.5453 0.8938 0.557 0.8934 0.5692 0.8898 0.5809 0.8835 0.5914 0.8748 0.5999 0.8642 0.6058 0.8526 0.6088 0.8407 0.6086
0 0.4117 0.9681 0.3984 0.9561 0.3885 0.9414 0.3826 0.9248 0.3813 0.9077 0.3845 0.8911 0.3921 0.8762 0.4035 0.864 0.418 0.8552 0.4346 0.8506 0.4521 0.8505 0.4694 0.8547 0.4852 0.8631 0.4985 0.8751 0.5084 0.8899 0.5142 0.9064 0.5156 0.9235 0.5123 0.9401 0.5048 0.9551 0.4933 0.9673 0.4788 0.976 0.4623 0.9806 0.4448 0.9808 0.4275 0.9765
0 0.5474 0.8978 0.5432 0.9049 0.5371 0.9105 0.5293 0.9144 0.5206 0.9162 0.5114 0.9158 0.5024 0.9133 0.4941 0.9089 0.4873 0.9027 0.4822 0.8953 0.4794 0.8872 0.4788 0.8789 0.4807 0.8709 0.4849 0.8639 0.4911 0.8582 0.4988 0.8544 0.5075 0.8526 0.5167 0.8529 0.5258 0.8554 0.534 0.8599 0.5409 0.866 0.5459 0.8734 0.5488 0.8815 0.5493 0.8899
